,ID,Vehicles
0,20170701001,56.0
1,20170701011,55.0
2,20170701021,49.0
3,20170701031,44.0
4,20170701041,39.0
5,20170701051,34.0
6,20170701061,33.0
7,20170701071,36.0
8,20170701081,39.0
9,20170701091,44.0
10,20170701101,49.0
11,20170701111,55.0
12,20170701121,56.0
13,20170701131,56.0
14,20170701141,56.0
15,20170701151,56.0
16,20170701161,56.0
17,20170701171,56.0
18,20170701181,58.0
19,20170701191,62.0
20,20170701201,62.0
21,20170701211,62.0
22,20170701221,62.0
23,20170701231,62.0
24,20170702001,44.0
25,20170702011,44.0
26,20170702021,38.0
27,20170702031,35.0
28,20170702041,33.0
29,20170702051,29.0
30,20170702061,29.0
31,20170702071,32.0
32,20170702081,35.0
33,20170702091,42.0
34,20170702101,49.0
35,20170702111,53.0
36,20170702121,53.0
37,20170702131,53.0
38,20170702141,53.0
39,20170702151,53.0
40,20170702161,53.0
41,20170702171,53.0
42,20170702181,58.0
43,20170702191,65.0
44,20170702201,65.0
45,20170702211,65.0
46,20170702221,65.0
47,20170702231,64.0
48,20170703001,48.0
49,20170703011,48.0
50,20170703021,43.0
51,20170703031,39.0
52,20170703041,37.0
53,20170703051,35.0
54,20170703061,40.0
55,20170703071,47.0
56,20170703081,52.0
57,20170703091,63.0
58,20170703101,85.0
59,20170703111,92.0
60,20170703121,94.0
61,20170703131,95.0
62,20170703141,95.0
63,20170703151,95.0
64,20170703161,95.0
65,20170703171,96.0
66,20170703181,97.0
67,20170703191,100.0
68,20170703201,100.0
69,20170703211,99.0
70,20170703221,99.0
71,20170703231,99.0
72,20170704001,65.0
73,20170704011,65.0
74,20170704021,60.0
75,20170704031,48.0
76,20170704041,44.0
77,20170704051,42.0
78,20170704061,45.0
79,20170704071,54.0
80,20170704081,57.0
81,20170704091,64.0
82,20170704101,95.0
83,20170704111,104.0
84,20170704121,104.0
85,20170704131,104.0
86,20170704141,104.0
87,20170704151,104.0
88,20170704161,104.0
89,20170704171,106.0
90,20170704181,107.0
91,20170704191,108.0
92,20170704201,107.0
93,20170704211,102.0
94,20170704221,100.0
95,20170704231,100.0
96,20170705001,64.0
97,20170705011,64.0
98,20170705021,61.0
99,20170705031,48.0
100,20170705041,44.0
101,20170705051,42.0
102,20170705061,44.0
103,20170705071,54.0
104,20170705081,57.0
105,20170705091,63.0
106,20170705101,97.0
107,20170705111,108.0
108,20170705121,108.0
109,20170705131,108.0
110,20170705141,108.0
111,20170705151,108.0
112,20170705161,108.0
113,20170705171,108.0
114,20170705181,108.0
115,20170705191,108.0
116,20170705201,107.0
117,20170705211,101.0
118,20170705221,99.0
119,20170705231,99.0
120,20170706001,63.0
121,20170706011,63.0
122,20170706021,61.0
123,20170706031,48.0
124,20170706041,44.0
125,20170706051,42.0
126,20170706061,44.0
127,20170706071,54.0
128,20170706081,56.0
129,20170706091,62.0
130,20170706101,101.0
131,20170706111,108.0
132,20170706121,108.0
133,20170706131,108.0
134,20170706141,108.0
135,20170706151,108.0
136,20170706161,108.0
137,20170706171,108.0
138,20170706181,108.0
139,20170706191,108.0
140,20170706201,107.0
141,20170706211,101.0
142,20170706221,99.0
143,20170706231,99.0
144,20170707001,62.0
145,20170707011,62.0
146,20170707021,61.0
147,20170707031,48.0
148,20170707041,43.0
149,20170707051,42.0
150,20170707061,44.0
151,20170707071,54.0
152,20170707081,55.0
153,20170707091,62.0
154,20170707101,93.0
155,20170707111,95.0
156,20170707121,95.0
157,20170707131,95.0
158,20170707141,95.0
159,20170707151,95.0
160,20170707161,94.0
161,20170707171,94.0
162,20170707181,94.0
163,20170707191,94.0
164,20170707201,93.0
165,20170707211,87.0
166,20170707221,84.0
167,20170707231,84.0
168,20170708001,52.0
169,20170708011,52.0
170,20170708021,48.0
171,20170708031,39.0
172,20170708041,35.0
173,20170708051,33.0
174,20170708061,33.0
175,20170708071,39.0
176,20170708081,40.0
177,20170708091,46.0
178,20170708101,55.0
179,20170708111,56.0
180,20170708121,56.0
181,20170708131,56.0
182,20170708141,56.0
183,20170708151,56.0
184,20170708161,56.0
185,20170708171,56.0
186,20170708181,58.0
187,20170708191,62.0
188,20170708201,63.0
189,20170708211,62.0
190,20170708221,62.0
191,20170708231,62.0
192,20170709001,43.0
193,20170709011,43.0
194,20170709021,38.0
195,20170709031,33.0
196,20170709041,29.0
197,20170709051,29.0
198,20170709061,29.0
199,20170709071,33.0
200,20170709081,35.0
201,20170709091,40.0
202,20170709101,51.0
203,20170709111,53.0
204,20170709121,53.0
205,20170709131,53.0
206,20170709141,53.0
207,20170709151,53.0
208,20170709161,53.0
209,20170709171,53.0
210,20170709181,57.0
211,20170709191,64.0
212,20170709201,64.0
213,20170709211,64.0
214,20170709221,64.0
215,20170709231,64.0
216,20170710001,47.0
217,20170710011,47.0
218,20170710021,43.0
219,20170710031,37.0
220,20170710041,35.0
221,20170710051,35.0
222,20170710061,40.0
223,20170710071,47.0
224,20170710081,53.0
225,20170710091,68.0
226,20170710101,83.0
227,20170710111,93.0
228,20170710121,95.0
229,20170710131,96.0
230,20170710141,96.0
231,20170710151,96.0
232,20170710161,97.0
233,20170710171,98.0
234,20170710181,99.0
235,20170710191,104.0
236,20170710201,104.0
237,20170710211,101.0
238,20170710221,100.0
239,20170710231,100.0
240,20170711001,64.0
241,20170711011,64.0
242,20170711021,60.0
243,20170711031,48.0
244,20170711041,43.0
245,20170711051,42.0
246,20170711061,45.0
247,20170711071,54.0
248,20170711081,57.0
249,20170711091,71.0
250,20170711101,93.0
251,20170711111,103.0
252,20170711121,102.0
253,20170711131,103.0
254,20170711141,103.0
255,20170711151,104.0
256,20170711161,104.0
257,20170711171,106.0
258,20170711181,106.0
259,20170711191,107.0
260,20170711201,107.0
261,20170711211,100.0
262,20170711221,99.0
263,20170711231,99.0
264,20170712001,63.0
265,20170712011,63.0
266,20170712021,61.0
267,20170712031,48.0
268,20170712041,43.0
269,20170712051,42.0
270,20170712061,44.0
271,20170712071,54.0
272,20170712081,56.0
273,20170712091,73.0
274,20170712101,95.0
275,20170712111,107.0
276,20170712121,107.0
277,20170712131,107.0
278,20170712141,107.0
279,20170712151,107.0
280,20170712161,107.0
281,20170712171,107.0
282,20170712181,107.0
283,20170712191,107.0
284,20170712201,107.0
285,20170712211,100.0
286,20170712221,98.0
287,20170712231,98.0
288,20170713001,62.0
289,20170713011,62.0
290,20170713021,61.0
291,20170713031,48.0
292,20170713041,42.0
293,20170713051,42.0
294,20170713061,44.0
295,20170713071,54.0
296,20170713081,56.0
297,20170713091,73.0
298,20170713101,98.0
299,20170713111,107.0
300,20170713121,107.0
301,20170713131,107.0
302,20170713141,107.0
303,20170713151,107.0
304,20170713161,107.0
305,20170713171,107.0
306,20170713181,107.0
307,20170713191,107.0
308,20170713201,107.0
309,20170713211,100.0
310,20170713221,98.0
311,20170713231,98.0
312,20170714001,62.0
313,20170714011,62.0
314,20170714021,61.0
315,20170714031,48.0
316,20170714041,42.0
317,20170714051,42.0
318,20170714061,44.0
319,20170714071,54.0
320,20170714081,55.0
321,20170714091,69.0
322,20170714101,90.0
323,20170714111,95.0
324,20170714121,95.0
325,20170714131,95.0
326,20170714141,95.0
327,20170714151,95.0
328,20170714161,94.0
329,20170714171,94.0
330,20170714181,94.0
331,20170714191,94.0
332,20170714201,93.0
333,20170714211,87.0
334,20170714221,83.0
335,20170714231,83.0
336,20170715001,52.0
337,20170715011,52.0
338,20170715021,48.0
339,20170715031,39.0
340,20170715041,35.0
341,20170715051,33.0
342,20170715061,33.0
343,20170715071,40.0
344,20170715081,41.0
345,20170715091,48.0
346,20170715101,54.0
347,20170715111,56.0
348,20170715121,56.0
349,20170715131,56.0
350,20170715141,56.0
351,20170715151,56.0
352,20170715161,56.0
353,20170715171,56.0
354,20170715181,57.0
355,20170715191,62.0
356,20170715201,62.0
357,20170715211,62.0
358,20170715221,62.0
359,20170715231,62.0
360,20170716001,43.0
361,20170716011,43.0
362,20170716021,38.0
363,20170716031,33.0
364,20170716041,29.0
365,20170716051,29.0
366,20170716061,29.0
367,20170716071,33.0
368,20170716081,35.0
369,20170716091,39.0
370,20170716101,51.0
371,20170716111,53.0
372,20170716121,53.0
373,20170716131,53.0
374,20170716141,53.0
375,20170716151,53.0
376,20170716161,53.0
377,20170716171,53.0
378,20170716181,57.0
379,20170716191,62.0
380,20170716201,62.0
381,20170716211,62.0
382,20170716221,62.0
383,20170716231,62.0
384,20170717001,47.0
385,20170717011,47.0
386,20170717021,43.0
387,20170717031,38.0
388,20170717041,35.0
389,20170717051,35.0
390,20170717061,40.0
391,20170717071,48.0
392,20170717081,54.0
393,20170717091,67.0
394,20170717101,83.0
395,20170717111,93.0
396,20170717121,95.0
397,20170717131,96.0
398,20170717141,96.0
399,20170717151,96.0
400,20170717161,97.0
401,20170717171,98.0
402,20170717181,99.0
403,20170717191,103.0
404,20170717201,103.0
405,20170717211,100.0
406,20170717221,100.0
407,20170717231,100.0
408,20170718001,65.0
409,20170718011,65.0
410,20170718021,60.0
411,20170718031,48.0
412,20170718041,43.0
413,20170718051,42.0
414,20170718061,45.0
415,20170718071,54.0
416,20170718081,57.0
417,20170718091,69.0
418,20170718101,92.0
419,20170718111,103.0
420,20170718121,102.0
421,20170718131,103.0
422,20170718141,104.0
423,20170718151,104.0
424,20170718161,104.0
425,20170718171,106.0
426,20170718181,106.0
427,20170718191,107.0
428,20170718201,106.0
429,20170718211,101.0
430,20170718221,99.0
431,20170718231,99.0
432,20170719001,63.0
433,20170719011,63.0
434,20170719021,61.0
435,20170719031,48.0
436,20170719041,42.0
437,20170719051,42.0
438,20170719061,44.0
439,20170719071,54.0
440,20170719081,57.0
441,20170719091,72.0
442,20170719101,93.0
443,20170719111,107.0
444,20170719121,107.0
445,20170719131,107.0
446,20170719141,107.0
447,20170719151,107.0
448,20170719161,107.0
449,20170719171,107.0
450,20170719181,107.0
451,20170719191,107.0
452,20170719201,107.0
453,20170719211,100.0
454,20170719221,98.0
455,20170719231,98.0
456,20170720001,62.0
457,20170720011,62.0
458,20170720021,61.0
459,20170720031,48.0
460,20170720041,42.0
461,20170720051,42.0
462,20170720061,44.0
463,20170720071,54.0
464,20170720081,56.0
465,20170720091,73.0
466,20170720101,95.0
467,20170720111,107.0
468,20170720121,107.0
469,20170720131,107.0
470,20170720141,107.0
471,20170720151,107.0
472,20170720161,107.0
473,20170720171,107.0
474,20170720181,107.0
475,20170720191,107.0
476,20170720201,107.0
477,20170720211,100.0
478,20170720221,98.0
479,20170720231,98.0
480,20170721001,61.0
481,20170721011,61.0
482,20170721021,61.0
483,20170721031,48.0
484,20170721041,42.0
485,20170721051,42.0
486,20170721061,43.0
487,20170721071,54.0
488,20170721081,55.0
489,20170721091,69.0
490,20170721101,86.0
491,20170721111,92.0
492,20170721121,92.0
493,20170721131,92.0
494,20170721141,91.0
495,20170721151,90.0
496,20170721161,89.0
497,20170721171,89.0
498,20170721181,89.0
499,20170721191,89.0
500,20170721201,89.0
501,20170721211,84.0
502,20170721221,81.0
503,20170721231,81.0
504,20170722001,52.0
505,20170722011,52.0
506,20170722021,48.0
507,20170722031,39.0
508,20170722041,35.0
509,20170722051,33.0
510,20170722061,33.0
511,20170722071,40.0
512,20170722081,41.0
513,20170722091,48.0
514,20170722101,53.0
515,20170722111,56.0
516,20170722121,56.0
517,20170722131,56.0
518,20170722141,56.0
519,20170722151,56.0
520,20170722161,56.0
521,20170722171,56.0
522,20170722181,58.0
523,20170722191,62.0
524,20170722201,63.0
525,20170722211,62.0
526,20170722221,62.0
527,20170722231,62.0
528,20170723001,43.0
529,20170723011,43.0
530,20170723021,38.0
531,20170723031,33.0
532,20170723041,29.0
533,20170723051,29.0
534,20170723061,29.0
535,20170723071,33.0
536,20170723081,36.0
537,20170723091,40.0
538,20170723101,52.0
539,20170723111,53.0
540,20170723121,53.0
541,20170723131,53.0
542,20170723141,53.0
543,20170723151,53.0
544,20170723161,53.0
545,20170723171,54.0
546,20170723181,57.0
547,20170723191,62.0
548,20170723201,62.0
549,20170723211,62.0
550,20170723221,62.0
551,20170723231,62.0
552,20170724001,47.0
553,20170724011,47.0
554,20170724021,43.0
555,20170724031,37.0
556,20170724041,35.0
557,20170724051,35.0
558,20170724061,40.0
559,20170724071,48.0
560,20170724081,54.0
561,20170724091,67.0
562,20170724101,83.0
563,20170724111,92.0
564,20170724121,95.0
565,20170724131,95.0
566,20170724141,95.0
567,20170724151,96.0
568,20170724161,97.0
569,20170724171,98.0
570,20170724181,99.0
571,20170724191,103.0
572,20170724201,103.0
573,20170724211,101.0
574,20170724221,101.0
575,20170724231,101.0
576,20170725001,65.0
577,20170725011,65.0
578,20170725021,60.0
579,20170725031,48.0
580,20170725041,43.0
581,20170725051,42.0
582,20170725061,45.0
583,20170725071,54.0
584,20170725081,57.0
585,20170725091,69.0
586,20170725101,93.0
587,20170725111,103.0
588,20170725121,102.0
589,20170725131,102.0
590,20170725141,103.0
591,20170725151,103.0
592,20170725161,104.0
593,20170725171,105.0
594,20170725181,106.0
595,20170725191,107.0
596,20170725201,107.0
597,20170725211,101.0
598,20170725221,99.0
599,20170725231,99.0
600,20170726001,63.0
601,20170726011,63.0
602,20170726021,61.0
603,20170726031,48.0
604,20170726041,42.0
605,20170726051,42.0
606,20170726061,44.0
607,20170726071,54.0
608,20170726081,57.0
609,20170726091,72.0
610,20170726101,93.0
611,20170726111,107.0
612,20170726121,107.0
613,20170726131,107.0
614,20170726141,107.0
615,20170726151,107.0
616,20170726161,107.0
617,20170726171,107.0
618,20170726181,107.0
619,20170726191,107.0
620,20170726201,107.0
621,20170726211,100.0
622,20170726221,99.0
623,20170726231,99.0
624,20170727001,62.0
625,20170727011,62.0
626,20170727021,61.0
627,20170727031,48.0
628,20170727041,42.0
629,20170727051,42.0
630,20170727061,44.0
631,20170727071,54.0
632,20170727081,56.0
633,20170727091,73.0
634,20170727101,95.0
635,20170727111,107.0
636,20170727121,107.0
637,20170727131,107.0
638,20170727141,107.0
639,20170727151,107.0
640,20170727161,107.0
641,20170727171,107.0
642,20170727181,107.0
643,20170727191,108.0
644,20170727201,107.0
645,20170727211,101.0
646,20170727221,99.0
647,20170727231,99.0
648,20170728001,61.0
649,20170728011,61.0
650,20170728021,61.0
651,20170728031,48.0
652,20170728041,42.0
653,20170728051,42.0
654,20170728061,44.0
655,20170728071,54.0
656,20170728081,56.0
657,20170728091,70.0
658,20170728101,86.0
659,20170728111,92.0
660,20170728121,92.0
661,20170728131,92.0
662,20170728141,91.0
663,20170728151,90.0
664,20170728161,89.0
665,20170728171,89.0
666,20170728181,89.0
667,20170728191,89.0
668,20170728201,89.0
669,20170728211,84.0
670,20170728221,81.0
671,20170728231,81.0
672,20170729001,52.0
673,20170729011,52.0
674,20170729021,48.0
675,20170729031,39.0
676,20170729041,35.0
677,20170729051,33.0
678,20170729061,33.0
679,20170729071,40.0
680,20170729081,41.0
681,20170729091,48.0
682,20170729101,58.0
683,20170729111,59.0
684,20170729121,59.0
685,20170729131,59.0
686,20170729141,59.0
687,20170729151,59.0
688,20170729161,59.0
689,20170729171,59.0
690,20170729181,60.0
691,20170729191,64.0
692,20170729201,64.0
693,20170729211,64.0
694,20170729221,63.0
695,20170729231,63.0
696,20170730001,42.0
697,20170730011,42.0
698,20170730021,38.0
699,20170730031,33.0
700,20170730041,29.0
701,20170730051,29.0
702,20170730061,29.0
703,20170730071,33.0
704,20170730081,36.0
705,20170730091,39.0
706,20170730101,51.0
707,20170730111,53.0
708,20170730121,53.0
709,20170730131,53.0
710,20170730141,53.0
711,20170730151,53.0
712,20170730161,53.0
713,20170730171,54.0
714,20170730181,58.0
715,20170730191,61.0
716,20170730201,61.0
717,20170730211,61.0
718,20170730221,62.0
719,20170730231,62.0
720,20170731001,45.0
721,20170731011,45.0
722,20170731021,43.0
723,20170731031,40.0
724,20170731041,38.0
725,20170731051,38.0
726,20170731061,43.0
727,20170731071,49.0
728,20170731081,55.0
729,20170731091,67.0
730,20170731101,83.0
731,20170731111,92.0
732,20170731121,94.0
733,20170731131,94.0
734,20170731141,95.0
735,20170731151,95.0
736,20170731161,96.0
737,20170731171,97.0
738,20170731181,98.0
739,20170731191,101.0
740,20170731201,101.0
741,20170731211,98.0
742,20170731221,97.0
743,20170731231,97.0
744,20170801001,62.0
745,20170801011,62.0
746,20170801021,60.0
747,20170801031,48.0
748,20170801041,45.0
749,20170801051,45.0
750,20170801061,48.0
751,20170801071,55.0
752,20170801081,61.0
753,20170801091,69.0
754,20170801101,93.0
755,20170801111,104.0
756,20170801121,105.0
757,20170801131,104.0
758,20170801141,104.0
759,20170801151,104.0
760,20170801161,105.0
761,20170801171,107.0
762,20170801181,107.0
763,20170801191,108.0
764,20170801201,107.0
765,20170801211,103.0
766,20170801221,101.0
767,20170801231,101.0
768,20170802001,62.0
769,20170802011,62.0
770,20170802021,61.0
771,20170802031,48.0
772,20170802041,44.0
773,20170802051,44.0
774,20170802061,48.0
775,20170802071,57.0
776,20170802081,62.0
777,20170802091,71.0
778,20170802101,94.0
779,20170802111,108.0
780,20170802121,108.0
781,20170802131,108.0
782,20170802141,108.0
783,20170802151,108.0
784,20170802161,108.0
785,20170802171,108.0
786,20170802181,108.0
787,20170802191,108.0
788,20170802201,107.0
789,20170802211,101.0
790,20170802221,99.0
791,20170802231,99.0
792,20170803001,62.0
793,20170803011,62.0
794,20170803021,61.0
795,20170803031,48.0
796,20170803041,44.0
797,20170803051,44.0
798,20170803061,48.0
799,20170803071,57.0
800,20170803081,62.0
801,20170803091,73.0
802,20170803101,98.0
803,20170803111,108.0
804,20170803121,108.0
805,20170803131,108.0
806,20170803141,108.0
807,20170803151,108.0
808,20170803161,108.0
809,20170803171,108.0
810,20170803181,108.0
811,20170803191,108.0
812,20170803201,107.0
813,20170803211,101.0
814,20170803221,99.0
815,20170803231,99.0
816,20170804001,62.0
817,20170804011,62.0
818,20170804021,61.0
819,20170804031,48.0
820,20170804041,43.0
821,20170804051,43.0
822,20170804061,48.0
823,20170804071,57.0
824,20170804081,62.0
825,20170804091,69.0
826,20170804101,91.0
827,20170804111,95.0
828,20170804121,95.0
829,20170804131,95.0
830,20170804141,95.0
831,20170804151,95.0
832,20170804161,94.0
833,20170804171,94.0
834,20170804181,94.0
835,20170804191,94.0
836,20170804201,93.0
837,20170804211,88.0
838,20170804221,85.0
839,20170804231,85.0
840,20170805001,52.0
841,20170805011,52.0
842,20170805021,48.0
843,20170805031,39.0
844,20170805041,35.0
845,20170805051,33.0
846,20170805061,37.0
847,20170805071,42.0
848,20170805081,46.0
849,20170805091,47.0
850,20170805101,55.0
851,20170805111,56.0
852,20170805121,56.0
853,20170805131,56.0
854,20170805141,56.0
855,20170805151,56.0
856,20170805161,56.0
857,20170805171,56.0
858,20170805181,57.0
859,20170805191,62.0
860,20170805201,62.0
861,20170805211,62.0
862,20170805221,62.0
863,20170805231,62.0
864,20170806001,42.0
865,20170806011,42.0
866,20170806021,38.0
867,20170806031,33.0
868,20170806041,29.0
869,20170806051,29.0
870,20170806061,32.0
871,20170806071,33.0
872,20170806081,38.0
873,20170806091,39.0
874,20170806101,51.0
875,20170806111,52.0
876,20170806121,53.0
877,20170806131,53.0
878,20170806141,53.0
879,20170806151,53.0
880,20170806161,53.0
881,20170806171,53.0
882,20170806181,57.0
883,20170806191,62.0
884,20170806201,63.0
885,20170806211,63.0
886,20170806221,62.0
887,20170806231,62.0
888,20170807001,45.0
889,20170807011,45.0
890,20170807021,43.0
891,20170807031,37.0
892,20170807041,35.0
893,20170807051,35.0
894,20170807061,40.0
895,20170807071,48.0
896,20170807081,56.0
897,20170807091,67.0
898,20170807101,80.0
899,20170807111,87.0
900,20170807121,89.0
901,20170807131,89.0
902,20170807141,89.0
903,20170807151,89.0
904,20170807161,89.0
905,20170807171,90.0
906,20170807181,91.0
907,20170807191,93.0
908,20170807201,93.0
909,20170807211,92.0
910,20170807221,91.0
911,20170807231,91.0
912,20170808001,62.0
913,20170808011,62.0
914,20170808021,60.0
915,20170808031,48.0
916,20170808041,43.0
917,20170808051,42.0
918,20170808061,45.0
919,20170808071,54.0
920,20170808081,58.0
921,20170808091,67.0
922,20170808101,90.0
923,20170808111,103.0
924,20170808121,104.0
925,20170808131,105.0
926,20170808141,105.0
927,20170808151,105.0
928,20170808161,105.0
929,20170808171,105.0
930,20170808181,105.0
931,20170808191,104.0
932,20170808201,104.0
933,20170808211,103.0
934,20170808221,104.0
935,20170808231,104.0
936,20170809001,62.0
937,20170809011,62.0
938,20170809021,61.0
939,20170809031,48.0
940,20170809041,43.0
941,20170809051,42.0
942,20170809061,44.0
943,20170809071,54.0
944,20170809081,59.0
945,20170809091,66.0
946,20170809101,92.0
947,20170809111,106.0
948,20170809121,107.0
949,20170809131,107.0
950,20170809141,107.0
951,20170809151,107.0
952,20170809161,107.0
953,20170809171,107.0
954,20170809181,107.0
955,20170809191,107.0
956,20170809201,106.0
957,20170809211,100.0
958,20170809221,98.0
959,20170809231,98.0
960,20170810001,62.0
961,20170810011,62.0
962,20170810021,61.0
963,20170810031,48.0
964,20170810041,43.0
965,20170810051,42.0
966,20170810061,44.0
967,20170810071,54.0
968,20170810081,59.0
969,20170810091,66.0
970,20170810101,95.0
971,20170810111,107.0
972,20170810121,107.0
973,20170810131,107.0
974,20170810141,107.0
975,20170810151,107.0
976,20170810161,107.0
977,20170810171,107.0
978,20170810181,107.0
979,20170810191,107.0
980,20170810201,106.0
981,20170810211,100.0
982,20170810221,97.0
983,20170810231,97.0
984,20170811001,61.0
985,20170811011,61.0
986,20170811021,61.0
987,20170811031,48.0
988,20170811041,42.0
989,20170811051,42.0
990,20170811061,44.0
991,20170811071,54.0
992,20170811081,60.0
993,20170811091,63.0
994,20170811101,88.0
995,20170811111,95.0
996,20170811121,95.0
997,20170811131,95.0
998,20170811141,95.0
999,20170811151,94.0
1000,20170811161,94.0
1001,20170811171,93.0
1002,20170811181,94.0
1003,20170811191,94.0
1004,20170811201,93.0
1005,20170811211,86.0
1006,20170811221,82.0
1007,20170811231,82.0
1008,20170812001,52.0
1009,20170812011,52.0
1010,20170812021,48.0
1011,20170812031,39.0
1012,20170812041,35.0
1013,20170812051,33.0
1014,20170812061,33.0
1015,20170812071,39.0
1016,20170812081,45.0
1017,20170812091,46.0
1018,20170812101,54.0
1019,20170812111,56.0
1020,20170812121,56.0
1021,20170812131,56.0
1022,20170812141,56.0
1023,20170812151,56.0
1024,20170812161,56.0
1025,20170812171,56.0
1026,20170812181,57.0
1027,20170812191,62.0
1028,20170812201,62.0
1029,20170812211,62.0
1030,20170812221,61.0
1031,20170812231,61.0
1032,20170813001,41.0
1033,20170813011,41.0
1034,20170813021,38.0
1035,20170813031,33.0
1036,20170813041,29.0
1037,20170813051,29.0
1038,20170813061,29.0
1039,20170813071,33.0
1040,20170813081,37.0
1041,20170813091,40.0
1042,20170813101,51.0
1043,20170813111,52.0
1044,20170813121,53.0
1045,20170813131,53.0
1046,20170813141,53.0
1047,20170813151,53.0
1048,20170813161,53.0
1049,20170813171,53.0
1050,20170813181,56.0
1051,20170813191,62.0
1052,20170813201,62.0
1053,20170813211,62.0
1054,20170813221,62.0
1055,20170813231,62.0
1056,20170814001,45.0
1057,20170814011,45.0
1058,20170814021,43.0
1059,20170814031,37.0
1060,20170814041,35.0
1061,20170814051,35.0
1062,20170814061,40.0
1063,20170814071,47.0
1064,20170814081,56.0
1065,20170814091,67.0
1066,20170814101,79.0
1067,20170814111,87.0
1068,20170814121,89.0
1069,20170814131,89.0
1070,20170814141,89.0
1071,20170814151,89.0
1072,20170814161,90.0
1073,20170814171,91.0
1074,20170814181,92.0
1075,20170814191,95.0
1076,20170814201,95.0
1077,20170814211,93.0
1078,20170814221,92.0
1079,20170814231,92.0
1080,20170815001,62.0
1081,20170815011,62.0
1082,20170815021,60.0
1083,20170815031,48.0
1084,20170815041,43.0
1085,20170815051,42.0
1086,20170815061,45.0
1087,20170815071,54.0
1088,20170815081,57.0
1089,20170815091,67.0
1090,20170815101,89.0
1091,20170815111,102.0
1092,20170815121,104.0
1093,20170815131,105.0
1094,20170815141,105.0
1095,20170815151,105.0
1096,20170815161,105.0
1097,20170815171,105.0
1098,20170815181,105.0
1099,20170815191,102.0
1100,20170815201,102.0
1101,20170815211,103.0
1102,20170815221,103.0
1103,20170815231,103.0
1104,20170816001,62.0
1105,20170816011,62.0
1106,20170816021,61.0
1107,20170816031,48.0
1108,20170816041,42.0
1109,20170816051,42.0
1110,20170816061,44.0
1111,20170816071,54.0
1112,20170816081,57.0
1113,20170816091,69.0
1114,20170816101,92.0
1115,20170816111,106.0
1116,20170816121,107.0
1117,20170816131,107.0
1118,20170816141,107.0
1119,20170816151,107.0
1120,20170816161,107.0
1121,20170816171,107.0
1122,20170816181,107.0
1123,20170816191,107.0
1124,20170816201,106.0
1125,20170816211,100.0
1126,20170816221,98.0
1127,20170816231,98.0
1128,20170817001,62.0
1129,20170817011,62.0
1130,20170817021,61.0
1131,20170817031,48.0
1132,20170817041,42.0
1133,20170817051,42.0
1134,20170817061,44.0
1135,20170817071,54.0
1136,20170817081,56.0
1137,20170817091,72.0
1138,20170817101,94.0
1139,20170817111,107.0
1140,20170817121,107.0
1141,20170817131,107.0
1142,20170817141,107.0
1143,20170817151,107.0
1144,20170817161,107.0
1145,20170817171,107.0
1146,20170817181,107.0
1147,20170817191,107.0
1148,20170817201,106.0
1149,20170817211,100.0
1150,20170817221,97.0
1151,20170817231,97.0
1152,20170818001,62.0
1153,20170818011,62.0
1154,20170818021,61.0
1155,20170818031,48.0
1156,20170818041,42.0
1157,20170818051,42.0
1158,20170818061,43.0
1159,20170818071,54.0
1160,20170818081,55.0
1161,20170818091,69.0
1162,20170818101,86.0
1163,20170818111,92.0
1164,20170818121,92.0
1165,20170818131,92.0
1166,20170818141,91.0
1167,20170818151,91.0
1168,20170818161,89.0
1169,20170818171,89.0
1170,20170818181,89.0
1171,20170818191,90.0
1172,20170818201,89.0
1173,20170818211,84.0
1174,20170818221,81.0
1175,20170818231,81.0
1176,20170819001,52.0
1177,20170819011,52.0
1178,20170819021,48.0
1179,20170819031,39.0
1180,20170819041,35.0
1181,20170819051,33.0
1182,20170819061,33.0
1183,20170819071,40.0
1184,20170819081,41.0
1185,20170819091,48.0
1186,20170819101,53.0
1187,20170819111,56.0
1188,20170819121,56.0
1189,20170819131,56.0
1190,20170819141,56.0
1191,20170819151,56.0
1192,20170819161,56.0
1193,20170819171,56.0
1194,20170819181,57.0
1195,20170819191,62.0
1196,20170819201,62.0
1197,20170819211,62.0
1198,20170819221,61.0
1199,20170819231,61.0
1200,20170820001,43.0
1201,20170820011,43.0
1202,20170820021,38.0
1203,20170820031,33.0
1204,20170820041,29.0
1205,20170820051,29.0
1206,20170820061,29.0
1207,20170820071,33.0
1208,20170820081,36.0
1209,20170820091,39.0
1210,20170820101,51.0
1211,20170820111,52.0
1212,20170820121,53.0
1213,20170820131,53.0
1214,20170820141,53.0
1215,20170820151,53.0
1216,20170820161,53.0
1217,20170820171,53.0
1218,20170820181,56.0
1219,20170820191,61.0
1220,20170820201,62.0
1221,20170820211,62.0
1222,20170820221,62.0
1223,20170820231,62.0
1224,20170821001,45.0
1225,20170821011,45.0
1226,20170821021,43.0
1227,20170821031,37.0
1228,20170821041,35.0
1229,20170821051,35.0
1230,20170821061,40.0
1231,20170821071,47.0
1232,20170821081,54.0
1233,20170821091,67.0
1234,20170821101,79.0
1235,20170821111,86.0
1236,20170821121,89.0
1237,20170821131,89.0
1238,20170821141,89.0
1239,20170821151,89.0
1240,20170821161,90.0
1241,20170821171,91.0
1242,20170821181,92.0
1243,20170821191,95.0
1244,20170821201,95.0
1245,20170821211,93.0
1246,20170821221,92.0
1247,20170821231,92.0
1248,20170822001,62.0
1249,20170822011,62.0
1250,20170822021,60.0
1251,20170822031,48.0
1252,20170822041,43.0
1253,20170822051,42.0
1254,20170822061,45.0
1255,20170822071,54.0
1256,20170822081,57.0
1257,20170822091,69.0
1258,20170822101,89.0
1259,20170822111,103.0
1260,20170822121,104.0
1261,20170822131,105.0
1262,20170822141,105.0
1263,20170822151,105.0
1264,20170822161,105.0
1265,20170822171,105.0
1266,20170822181,105.0
1267,20170822191,102.0
1268,20170822201,102.0
1269,20170822211,103.0
1270,20170822221,103.0
1271,20170822231,103.0
1272,20170823001,62.0
1273,20170823011,62.0
1274,20170823021,61.0
1275,20170823031,48.0
1276,20170823041,42.0
1277,20170823051,42.0
1278,20170823061,44.0
1279,20170823071,54.0
1280,20170823081,57.0
1281,20170823091,72.0
1282,20170823101,91.0
1283,20170823111,106.0
1284,20170823121,107.0
1285,20170823131,107.0
1286,20170823141,107.0
1287,20170823151,107.0
1288,20170823161,107.0
1289,20170823171,107.0
1290,20170823181,107.0
1291,20170823191,107.0
1292,20170823201,106.0
1293,20170823211,100.0
1294,20170823221,98.0
1295,20170823231,98.0
1296,20170824001,62.0
1297,20170824011,62.0
1298,20170824021,61.0
1299,20170824031,48.0
1300,20170824041,42.0
1301,20170824051,42.0
1302,20170824061,44.0
1303,20170824071,54.0
1304,20170824081,56.0
1305,20170824091,73.0
1306,20170824101,94.0
1307,20170824111,107.0
1308,20170824121,107.0
1309,20170824131,107.0
1310,20170824141,107.0
1311,20170824151,107.0
1312,20170824161,107.0
1313,20170824171,107.0
1314,20170824181,107.0
1315,20170824191,107.0
1316,20170824201,106.0
1317,20170824211,100.0
1318,20170824221,98.0
1319,20170824231,98.0
1320,20170825001,61.0
1321,20170825011,61.0
1322,20170825021,61.0
1323,20170825031,48.0
1324,20170825041,42.0
1325,20170825051,42.0
1326,20170825061,43.0
1327,20170825071,54.0
1328,20170825081,55.0
1329,20170825091,69.0
1330,20170825101,85.0
1331,20170825111,92.0
1332,20170825121,92.0
1333,20170825131,92.0
1334,20170825141,91.0
1335,20170825151,90.0
1336,20170825161,89.0
1337,20170825171,89.0
1338,20170825181,89.0
1339,20170825191,89.0
1340,20170825201,89.0
1341,20170825211,83.0
1342,20170825221,81.0
1343,20170825231,81.0
1344,20170826001,52.0
1345,20170826011,52.0
1346,20170826021,48.0
1347,20170826031,39.0
1348,20170826041,35.0
1349,20170826051,33.0
1350,20170826061,33.0
1351,20170826071,40.0
1352,20170826081,41.0
1353,20170826091,48.0
1354,20170826101,55.0
1355,20170826111,58.0
1356,20170826121,58.0
1357,20170826131,57.0
1358,20170826141,57.0
1359,20170826151,57.0
1360,20170826161,57.0
1361,20170826171,57.0
1362,20170826181,59.0
1363,20170826191,63.0
1364,20170826201,64.0
1365,20170826211,63.0
1366,20170826221,63.0
1367,20170826231,63.0
1368,20170827001,42.0
1369,20170827011,42.0
1370,20170827021,38.0
1371,20170827031,33.0
1372,20170827041,29.0
1373,20170827051,29.0
1374,20170827061,29.0
1375,20170827071,33.0
1376,20170827081,35.0
1377,20170827091,39.0
1378,20170827101,51.0
1379,20170827111,53.0
1380,20170827121,53.0
1381,20170827131,53.0
1382,20170827141,53.0
1383,20170827151,53.0
1384,20170827161,53.0
1385,20170827171,54.0
1386,20170827181,57.0
1387,20170827191,62.0
1388,20170827201,62.0
1389,20170827211,62.0
1390,20170827221,62.0
1391,20170827231,62.0
1392,20170828001,45.0
1393,20170828011,45.0
1394,20170828021,42.0
1395,20170828031,37.0
1396,20170828041,35.0
1397,20170828051,35.0
1398,20170828061,40.0
1399,20170828071,47.0
1400,20170828081,54.0
1401,20170828091,67.0
1402,20170828101,79.0
1403,20170828111,87.0
1404,20170828121,88.0
1405,20170828131,89.0
1406,20170828141,89.0
1407,20170828151,89.0
1408,20170828161,90.0
1409,20170828171,91.0
1410,20170828181,92.0
1411,20170828191,94.0
1412,20170828201,94.0
1413,20170828211,91.0
1414,20170828221,90.0
1415,20170828231,90.0
1416,20170829001,62.0
1417,20170829011,62.0
1418,20170829021,60.0
1419,20170829031,48.0
1420,20170829041,43.0
1421,20170829051,42.0
1422,20170829061,45.0
1423,20170829071,54.0
1424,20170829081,57.0
1425,20170829091,67.0
1426,20170829101,88.0
1427,20170829111,101.0
1428,20170829121,103.0
1429,20170829131,104.0
1430,20170829141,104.0
1431,20170829151,104.0
1432,20170829161,104.0
1433,20170829171,104.0
1434,20170829181,104.0
1435,20170829191,102.0
1436,20170829201,101.0
1437,20170829211,103.0
1438,20170829221,103.0
1439,20170829231,103.0
1440,20170830001,62.0
1441,20170830011,62.0
1442,20170830021,61.0
1443,20170830031,48.0
1444,20170830041,42.0
1445,20170830051,42.0
1446,20170830061,44.0
1447,20170830071,55.0
1448,20170830081,57.0
1449,20170830091,69.0
1450,20170830101,90.0
1451,20170830111,105.0
1452,20170830121,106.0
1453,20170830131,106.0
1454,20170830141,106.0
1455,20170830151,106.0
1456,20170830161,106.0
1457,20170830171,106.0
1458,20170830181,106.0
1459,20170830191,106.0
1460,20170830201,105.0
1461,20170830211,100.0
1462,20170830221,98.0
1463,20170830231,98.0
1464,20170831001,62.0
1465,20170831011,62.0
1466,20170831021,61.0
1467,20170831031,48.0
1468,20170831041,42.0
1469,20170831051,42.0
1470,20170831061,44.0
1471,20170831071,55.0
1472,20170831081,56.0
1473,20170831091,72.0
1474,20170831101,92.0
1475,20170831111,104.0
1476,20170831121,104.0
1477,20170831131,104.0
1478,20170831141,104.0
1479,20170831151,104.0
1480,20170831161,104.0
1481,20170831171,104.0
1482,20170831181,104.0
1483,20170831191,104.0
1484,20170831201,104.0
1485,20170831211,100.0
1486,20170831221,97.0
1487,20170831231,97.0
1488,20170901001,62.0
1489,20170901011,62.0
1490,20170901021,61.0
1491,20170901031,48.0
1492,20170901041,42.0
1493,20170901051,42.0
1494,20170901061,44.0
1495,20170901071,56.0
1496,20170901081,57.0
1497,20170901091,70.0
1498,20170901101,86.0
1499,20170901111,94.0
1500,20170901121,94.0
1501,20170901131,94.0
1502,20170901141,94.0
1503,20170901151,94.0
1504,20170901161,93.0
1505,20170901171,93.0
1506,20170901181,93.0
1507,20170901191,93.0
1508,20170901201,92.0
1509,20170901211,87.0
1510,20170901221,84.0
1511,20170901231,84.0
1512,20170902001,52.0
1513,20170902011,52.0
1514,20170902021,48.0
1515,20170902031,39.0
1516,20170902041,35.0
1517,20170902051,33.0
1518,20170902061,33.0
1519,20170902071,40.0
1520,20170902081,42.0
1521,20170902091,47.0
1522,20170902101,54.0
1523,20170902111,56.0
1524,20170902121,56.0
1525,20170902131,56.0
1526,20170902141,56.0
1527,20170902151,56.0
1528,20170902161,56.0
1529,20170902171,56.0
1530,20170902181,58.0
1531,20170902191,62.0
1532,20170902201,62.0
1533,20170902211,62.0
1534,20170902221,61.0
1535,20170902231,61.0
1536,20170903001,43.0
1537,20170903011,43.0
1538,20170903021,38.0
1539,20170903031,33.0
1540,20170903041,30.0
1541,20170903051,29.0
1542,20170903061,29.0
1543,20170903071,33.0
1544,20170903081,36.0
1545,20170903091,39.0
1546,20170903101,51.0
1547,20170903111,52.0
1548,20170903121,53.0
1549,20170903131,53.0
1550,20170903141,53.0
1551,20170903151,53.0
1552,20170903161,53.0
1553,20170903171,53.0
1554,20170903181,57.0
1555,20170903191,63.0
1556,20170903201,64.0
1557,20170903211,64.0
1558,20170903221,63.0
1559,20170903231,63.0
1560,20170904001,46.0
1561,20170904011,46.0
1562,20170904021,43.0
1563,20170904031,37.0
1564,20170904041,35.0
1565,20170904051,35.0
1566,20170904061,39.0
1567,20170904071,47.0
1568,20170904081,52.0
1569,20170904091,61.0
1570,20170904101,80.0
1571,20170904111,87.0
1572,20170904121,89.0
1573,20170904131,89.0
1574,20170904141,89.0
1575,20170904151,89.0
1576,20170904161,89.0
1577,20170904171,90.0
1578,20170904181,91.0
1579,20170904191,93.0
1580,20170904201,94.0
1581,20170904211,92.0
1582,20170904221,91.0
1583,20170904231,91.0
1584,20170905001,62.0
1585,20170905011,62.0
1586,20170905021,60.0
1587,20170905031,48.0
1588,20170905041,43.0
1589,20170905051,42.0
1590,20170905061,45.0
1591,20170905071,54.0
1592,20170905081,57.0
1593,20170905091,63.0
1594,20170905101,90.0
1595,20170905111,103.0
1596,20170905121,104.0
1597,20170905131,105.0
1598,20170905141,105.0
1599,20170905151,105.0
1600,20170905161,105.0
1601,20170905171,105.0
1602,20170905181,105.0
1603,20170905191,106.0
1604,20170905201,105.0
1605,20170905211,104.0
1606,20170905221,104.0
1607,20170905231,104.0
1608,20170906001,62.0
1609,20170906011,62.0
1610,20170906021,61.0
1611,20170906031,48.0
1612,20170906041,43.0
1613,20170906051,42.0
1614,20170906061,44.0
1615,20170906071,55.0
1616,20170906081,57.0
1617,20170906091,63.0
1618,20170906101,92.0
1619,20170906111,107.0
1620,20170906121,107.0
1621,20170906131,107.0
1622,20170906141,107.0
1623,20170906151,107.0
1624,20170906161,107.0
1625,20170906171,107.0
1626,20170906181,107.0
1627,20170906191,107.0
1628,20170906201,107.0
1629,20170906211,100.0
1630,20170906221,99.0
1631,20170906231,99.0
1632,20170907001,62.0
1633,20170907011,62.0
1634,20170907021,61.0
1635,20170907031,48.0
1636,20170907041,43.0
1637,20170907051,42.0
1638,20170907061,44.0
1639,20170907071,55.0
1640,20170907081,56.0
1641,20170907091,62.0
1642,20170907101,95.0
1643,20170907111,107.0
1644,20170907121,107.0
1645,20170907131,107.0
1646,20170907141,107.0
1647,20170907151,107.0
1648,20170907161,107.0
1649,20170907171,107.0
1650,20170907181,107.0
1651,20170907191,107.0
1652,20170907201,106.0
1653,20170907211,100.0
1654,20170907221,98.0
1655,20170907231,98.0
1656,20170908001,62.0
1657,20170908011,62.0
1658,20170908021,61.0
1659,20170908031,48.0
1660,20170908041,43.0
1661,20170908051,42.0
1662,20170908061,44.0
1663,20170908071,55.0
1664,20170908081,55.0
1665,20170908091,62.0
1666,20170908101,88.0
1667,20170908111,95.0
1668,20170908121,95.0
1669,20170908131,95.0
1670,20170908141,95.0
1671,20170908151,94.0
1672,20170908161,94.0
1673,20170908171,93.0
1674,20170908181,94.0
1675,20170908191,94.0
1676,20170908201,93.0
1677,20170908211,86.0
1678,20170908221,83.0
1679,20170908231,83.0
1680,20170909001,52.0
1681,20170909011,52.0
1682,20170909021,48.0
1683,20170909031,39.0
1684,20170909041,35.0
1685,20170909051,33.0
1686,20170909061,33.0
1687,20170909071,40.0
1688,20170909081,40.0
1689,20170909091,46.0
1690,20170909101,54.0
1691,20170909111,56.0
1692,20170909121,56.0
1693,20170909131,56.0
1694,20170909141,56.0
1695,20170909151,56.0
1696,20170909161,56.0
1697,20170909171,56.0
1698,20170909181,58.0
1699,20170909191,62.0
1700,20170909201,62.0
1701,20170909211,62.0
1702,20170909221,62.0
1703,20170909231,62.0
1704,20170910001,42.0
1705,20170910011,42.0
1706,20170910021,38.0
1707,20170910031,33.0
1708,20170910041,30.0
1709,20170910051,29.0
1710,20170910061,29.0
1711,20170910071,33.0
1712,20170910081,35.0
1713,20170910091,41.0
1714,20170910101,51.0
1715,20170910111,52.0
1716,20170910121,53.0
1717,20170910131,53.0
1718,20170910141,53.0
1719,20170910151,53.0
1720,20170910161,53.0
1721,20170910171,53.0
1722,20170910181,56.0
1723,20170910191,63.0
1724,20170910201,63.0
1725,20170910211,63.0
1726,20170910221,63.0
1727,20170910231,63.0
1728,20170911001,45.0
1729,20170911011,45.0
1730,20170911021,43.0
1731,20170911031,37.0
1732,20170911041,36.0
1733,20170911051,35.0
1734,20170911061,40.0
1735,20170911071,47.0
1736,20170911081,53.0
1737,20170911091,68.0
1738,20170911101,79.0
1739,20170911111,87.0
1740,20170911121,89.0
1741,20170911131,89.0
1742,20170911141,89.0
1743,20170911151,89.0
1744,20170911161,90.0
1745,20170911171,91.0
1746,20170911181,92.0
1747,20170911191,96.0
1748,20170911201,96.0
1749,20170911211,94.0
1750,20170911221,92.0
1751,20170911231,92.0
1752,20170912001,62.0
1753,20170912011,62.0
1754,20170912021,60.0
1755,20170912031,48.0
1756,20170912041,43.0
1757,20170912051,42.0
1758,20170912061,45.0
1759,20170912071,54.0
1760,20170912081,57.0
1761,20170912091,72.0
1762,20170912101,89.0
1763,20170912111,102.0
1764,20170912121,104.0
1765,20170912131,105.0
1766,20170912141,105.0
1767,20170912151,105.0
1768,20170912161,105.0
1769,20170912171,105.0
1770,20170912181,105.0
1771,20170912191,102.0
1772,20170912201,102.0
1773,20170912211,101.0
1774,20170912221,103.0
1775,20170912231,103.0
1776,20170913001,62.0
1777,20170913011,62.0
1778,20170913021,61.0
1779,20170913031,48.0
1780,20170913041,43.0
1781,20170913051,42.0
1782,20170913061,44.0
1783,20170913071,55.0
1784,20170913081,56.0
1785,20170913091,73.0
1786,20170913101,92.0
1787,20170913111,106.0
1788,20170913121,106.0
1789,20170913131,106.0
1790,20170913141,106.0
1791,20170913151,106.0
1792,20170913161,106.0
1793,20170913171,106.0
1794,20170913181,107.0
1795,20170913191,106.0
1796,20170913201,106.0
1797,20170913211,100.0
1798,20170913221,98.0
1799,20170913231,98.0
1800,20170914001,62.0
1801,20170914011,62.0
1802,20170914021,61.0
1803,20170914031,48.0
1804,20170914041,43.0
1805,20170914051,42.0
1806,20170914061,44.0
1807,20170914071,55.0
1808,20170914081,56.0
1809,20170914091,73.0
1810,20170914101,94.0
1811,20170914111,107.0
1812,20170914121,107.0
1813,20170914131,107.0
1814,20170914141,107.0
1815,20170914151,107.0
1816,20170914161,107.0
1817,20170914171,107.0
1818,20170914181,107.0
1819,20170914191,107.0
1820,20170914201,106.0
1821,20170914211,100.0
1822,20170914221,97.0
1823,20170914231,97.0
1824,20170915001,61.0
1825,20170915011,61.0
1826,20170915021,61.0
1827,20170915031,48.0
1828,20170915041,42.0
1829,20170915051,42.0
1830,20170915061,43.0
1831,20170915071,55.0
1832,20170915081,55.0
1833,20170915091,69.0
1834,20170915101,89.0
1835,20170915111,95.0
1836,20170915121,95.0
1837,20170915131,95.0
1838,20170915141,95.0
1839,20170915151,95.0
1840,20170915161,94.0
1841,20170915171,94.0
1842,20170915181,94.0
1843,20170915191,94.0
1844,20170915201,93.0
1845,20170915211,87.0
1846,20170915221,83.0
1847,20170915231,83.0
1848,20170916001,52.0
1849,20170916011,52.0
1850,20170916021,48.0
1851,20170916031,39.0
1852,20170916041,35.0
1853,20170916051,33.0
1854,20170916061,33.0
1855,20170916071,40.0
1856,20170916081,41.0
1857,20170916091,48.0
1858,20170916101,54.0
1859,20170916111,56.0
1860,20170916121,56.0
1861,20170916131,56.0
1862,20170916141,56.0
1863,20170916151,56.0
1864,20170916161,56.0
1865,20170916171,56.0
1866,20170916181,57.0
1867,20170916191,62.0
1868,20170916201,62.0
1869,20170916211,62.0
1870,20170916221,61.0
1871,20170916231,61.0
1872,20170917001,42.0
1873,20170917011,42.0
1874,20170917021,38.0
1875,20170917031,33.0
1876,20170917041,30.0
1877,20170917051,29.0
1878,20170917061,29.0
1879,20170917071,33.0
1880,20170917081,35.0
1881,20170917091,39.0
1882,20170917101,51.0
1883,20170917111,52.0
1884,20170917121,53.0
1885,20170917131,53.0
1886,20170917141,53.0
1887,20170917151,53.0
1888,20170917161,53.0
1889,20170917171,53.0
1890,20170917181,56.0
1891,20170917191,61.0
1892,20170917201,61.0
1893,20170917211,61.0
1894,20170917221,61.0
1895,20170917231,61.0
1896,20170918001,45.0
1897,20170918011,45.0
1898,20170918021,42.0
1899,20170918031,37.0
1900,20170918041,36.0
1901,20170918051,35.0
1902,20170918061,40.0
1903,20170918071,47.0
1904,20170918081,53.0
1905,20170918091,67.0
1906,20170918101,81.0
1907,20170918111,88.0
1908,20170918121,90.0
1909,20170918131,90.0
1910,20170918141,90.0
1911,20170918151,90.0
1912,20170918161,91.0
1913,20170918171,92.0
1914,20170918181,93.0
1915,20170918191,96.0
1916,20170918201,96.0
1917,20170918211,94.0
1918,20170918221,93.0
1919,20170918231,93.0
1920,20170919001,62.0
1921,20170919011,62.0
1922,20170919021,60.0
1923,20170919031,48.0
1924,20170919041,43.0
1925,20170919051,42.0
1926,20170919061,45.0
1927,20170919071,54.0
1928,20170919081,57.0
1929,20170919091,69.0
1930,20170919101,91.0
1931,20170919111,103.0
1932,20170919121,104.0
1933,20170919131,105.0
1934,20170919141,105.0
1935,20170919151,105.0
1936,20170919161,105.0
1937,20170919171,105.0
1938,20170919181,105.0
1939,20170919191,103.0
1940,20170919201,102.0
1941,20170919211,101.0
1942,20170919221,103.0
1943,20170919231,103.0
1944,20170920001,62.0
1945,20170920011,62.0
1946,20170920021,61.0
1947,20170920031,48.0
1948,20170920041,43.0
1949,20170920051,42.0
1950,20170920061,44.0
1951,20170920071,55.0
1952,20170920081,56.0
1953,20170920091,72.0
1954,20170920101,92.0
1955,20170920111,106.0
1956,20170920121,106.0
1957,20170920131,106.0
1958,20170920141,106.0
1959,20170920151,106.0
1960,20170920161,106.0
1961,20170920171,106.0
1962,20170920181,106.0
1963,20170920191,106.0
1964,20170920201,106.0
1965,20170920211,100.0
1966,20170920221,98.0
1967,20170920231,98.0
1968,20170921001,62.0
1969,20170921011,62.0
1970,20170921021,61.0
1971,20170921031,48.0
1972,20170921041,43.0
1973,20170921051,42.0
1974,20170921061,44.0
1975,20170921071,55.0
1976,20170921081,56.0
1977,20170921091,73.0
1978,20170921101,94.0
1979,20170921111,107.0
1980,20170921121,107.0
1981,20170921131,107.0
1982,20170921141,107.0
1983,20170921151,107.0
1984,20170921161,107.0
1985,20170921171,107.0
1986,20170921181,107.0
1987,20170921191,107.0
1988,20170921201,106.0
1989,20170921211,100.0
1990,20170921221,98.0
1991,20170921231,98.0
1992,20170922001,62.0
1993,20170922011,62.0
1994,20170922021,61.0
1995,20170922031,48.0
1996,20170922041,42.0
1997,20170922051,42.0
1998,20170922061,43.0
1999,20170922071,55.0
2000,20170922081,56.0
2001,20170922091,69.0
2002,20170922101,86.0
2003,20170922111,92.0
2004,20170922121,92.0
2005,20170922131,92.0
2006,20170922141,90.0
2007,20170922151,90.0
2008,20170922161,89.0
2009,20170922171,89.0
2010,20170922181,89.0
2011,20170922191,89.0
2012,20170922201,88.0
2013,20170922211,83.0
2014,20170922221,81.0
2015,20170922231,81.0
2016,20170923001,52.0
2017,20170923011,52.0
2018,20170923021,48.0
2019,20170923031,39.0
2020,20170923041,35.0
2021,20170923051,33.0
2022,20170923061,33.0
2023,20170923071,40.0
2024,20170923081,41.0
2025,20170923091,48.0
2026,20170923101,53.0
2027,20170923111,55.0
2028,20170923121,55.0
2029,20170923131,55.0
2030,20170923141,55.0
2031,20170923151,55.0
2032,20170923161,55.0
2033,20170923171,55.0
2034,20170923181,57.0
2035,20170923191,62.0
2036,20170923201,62.0
2037,20170923211,62.0
2038,20170923221,61.0
2039,20170923231,61.0
2040,20170924001,42.0
2041,20170924011,42.0
2042,20170924021,38.0
2043,20170924031,33.0
2044,20170924041,30.0
2045,20170924051,29.0
2046,20170924061,29.0
2047,20170924071,33.0
2048,20170924081,35.0
2049,20170924091,39.0
2050,20170924101,51.0
2051,20170924111,52.0
2052,20170924121,52.0
2053,20170924131,52.0
2054,20170924141,52.0
2055,20170924151,52.0
2056,20170924161,52.0
2057,20170924171,53.0
2058,20170924181,56.0
2059,20170924191,61.0
2060,20170924201,62.0
2061,20170924211,62.0
2062,20170924221,61.0
2063,20170924231,61.0
2064,20170925001,45.0
2065,20170925011,45.0
2066,20170925021,42.0
2067,20170925031,37.0
2068,20170925041,36.0
2069,20170925051,35.0
2070,20170925061,40.0
2071,20170925071,47.0
2072,20170925081,53.0
2073,20170925091,66.0
2074,20170925101,79.0
2075,20170925111,87.0
2076,20170925121,89.0
2077,20170925131,90.0
2078,20170925141,90.0
2079,20170925151,90.0
2080,20170925161,91.0
2081,20170925171,92.0
2082,20170925181,92.0
2083,20170925191,96.0
2084,20170925201,95.0
2085,20170925211,94.0
2086,20170925221,93.0
2087,20170925231,93.0
2088,20170926001,62.0
2089,20170926011,62.0
2090,20170926021,60.0
2091,20170926031,48.0
2092,20170926041,43.0
2093,20170926051,42.0
2094,20170926061,45.0
2095,20170926071,54.0
2096,20170926081,57.0
2097,20170926091,66.0
2098,20170926101,90.0
2099,20170926111,103.0
2100,20170926121,104.0
2101,20170926131,105.0
2102,20170926141,105.0
2103,20170926151,105.0
2104,20170926161,105.0
2105,20170926171,105.0
2106,20170926181,105.0
2107,20170926191,103.0
2108,20170926201,102.0
2109,20170926211,102.0
2110,20170926221,101.0
2111,20170926231,101.0
2112,20170927001,62.0
2113,20170927011,62.0
2114,20170927021,61.0
2115,20170927031,48.0
2116,20170927041,43.0
2117,20170927051,42.0
2118,20170927061,44.0
2119,20170927071,55.0
2120,20170927081,57.0
2121,20170927091,67.0
2122,20170927101,92.0
2123,20170927111,106.0
2124,20170927121,106.0
2125,20170927131,106.0
2126,20170927141,106.0
2127,20170927151,106.0
2128,20170927161,106.0
2129,20170927171,106.0
2130,20170927181,107.0
2131,20170927191,106.0
2132,20170927201,106.0
2133,20170927211,100.0
2134,20170927221,99.0
2135,20170927231,99.0
2136,20170928001,62.0
2137,20170928011,62.0
2138,20170928021,61.0
2139,20170928031,48.0
2140,20170928041,43.0
2141,20170928051,42.0
2142,20170928061,44.0
2143,20170928071,55.0
2144,20170928081,56.0
2145,20170928091,69.0
2146,20170928101,93.0
2147,20170928111,107.0
2148,20170928121,107.0
2149,20170928131,107.0
2150,20170928141,107.0
2151,20170928151,107.0
2152,20170928161,107.0
2153,20170928171,107.0
2154,20170928181,107.0
2155,20170928191,107.0
2156,20170928201,106.0
2157,20170928211,100.0
2158,20170928221,98.0
2159,20170928231,98.0
2160,20170929001,62.0
2161,20170929011,62.0
2162,20170929021,61.0
2163,20170929031,48.0
2164,20170929041,43.0
2165,20170929051,42.0
2166,20170929061,44.0
2167,20170929071,55.0
2168,20170929081,56.0
2169,20170929091,68.0
2170,20170929101,84.0
2171,20170929111,91.0
2172,20170929121,91.0
2173,20170929131,91.0
2174,20170929141,90.0
2175,20170929151,90.0
2176,20170929161,89.0
2177,20170929171,88.0
2178,20170929181,89.0
2179,20170929191,89.0
2180,20170929201,88.0
2181,20170929211,83.0
2182,20170929221,81.0
2183,20170929231,81.0
2184,20170930001,52.0
2185,20170930011,52.0
2186,20170930021,48.0
2187,20170930031,39.0
2188,20170930041,35.0
2189,20170930051,33.0
2190,20170930061,33.0
2191,20170930071,40.0
2192,20170930081,41.0
2193,20170930091,48.0
2194,20170930101,57.0
2195,20170930111,59.0
2196,20170930121,59.0
2197,20170930131,59.0
2198,20170930141,58.0
2199,20170930151,58.0
2200,20170930161,58.0
2201,20170930171,58.0
2202,20170930181,59.0
2203,20170930191,63.0
2204,20170930201,63.0
2205,20170930211,62.0
2206,20170930221,62.0
2207,20170930231,62.0
2208,20171001001,41.0
2209,20171001011,41.0
2210,20171001021,38.0
2211,20171001031,33.0
2212,20171001041,29.0
2213,20171001051,28.0
2214,20171001061,29.0
2215,20171001071,33.0
2216,20171001081,35.0
2217,20171001091,39.0
2218,20171001101,50.0
2219,20171001111,52.0
2220,20171001121,52.0
2221,20171001131,52.0
2222,20171001141,52.0
2223,20171001151,52.0
2224,20171001161,52.0
2225,20171001171,53.0
2226,20171001181,58.0
2227,20171001191,64.0
2228,20171001201,64.0
2229,20171001211,64.0
2230,20171001221,64.0
2231,20171001231,64.0
2232,20171002001,45.0
2233,20171002011,45.0
2234,20171002021,43.0
2235,20171002031,37.0
2236,20171002041,35.0
2237,20171002051,35.0
2238,20171002061,39.0
2239,20171002071,46.0
2240,20171002081,51.0
2241,20171002091,59.0
2242,20171002101,81.0
2243,20171002111,88.0
2244,20171002121,90.0
2245,20171002131,90.0
2246,20171002141,90.0
2247,20171002151,90.0
2248,20171002161,90.0
2249,20171002171,91.0
2250,20171002181,92.0
2251,20171002191,94.0
2252,20171002201,94.0
2253,20171002211,93.0
2254,20171002221,92.0
2255,20171002231,92.0
2256,20171003001,62.0
2257,20171003011,62.0
2258,20171003021,60.0
2259,20171003031,48.0
2260,20171003041,42.0
2261,20171003051,42.0
2262,20171003061,45.0
2263,20171003071,54.0
2264,20171003081,58.0
2265,20171003091,63.0
2266,20171003101,92.0
2267,20171003111,103.0
2268,20171003121,104.0
2269,20171003131,105.0
2270,20171003141,105.0
2271,20171003151,105.0
2272,20171003161,105.0
2273,20171003171,105.0
2274,20171003181,106.0
2275,20171003191,104.0
2276,20171003201,104.0
2277,20171003211,103.0
2278,20171003221,104.0
2279,20171003231,104.0
2280,20171004001,63.0
2281,20171004011,63.0
2282,20171004021,61.0
2283,20171004031,48.0
2284,20171004041,42.0
2285,20171004051,41.0
2286,20171004061,44.0
2287,20171004071,55.0
2288,20171004081,60.0
2289,20171004091,63.0
2290,20171004101,93.0
2291,20171004111,107.0
2292,20171004121,107.0
2293,20171004131,107.0
2294,20171004141,107.0
2295,20171004151,107.0
2296,20171004161,107.0
2297,20171004171,107.0
2298,20171004181,107.0
2299,20171004191,107.0
2300,20171004201,107.0
2301,20171004211,100.0
2302,20171004221,99.0
2303,20171004231,99.0
2304,20171005001,62.0
2305,20171005011,62.0
2306,20171005021,61.0
2307,20171005031,48.0
2308,20171005041,42.0
2309,20171005051,41.0
2310,20171005061,44.0
2311,20171005071,55.0
2312,20171005081,61.0
2313,20171005091,63.0
2314,20171005101,98.0
2315,20171005111,107.0
2316,20171005121,107.0
2317,20171005131,107.0
2318,20171005141,107.0
2319,20171005151,107.0
2320,20171005161,107.0
2321,20171005171,107.0
2322,20171005181,107.0
2323,20171005191,107.0
2324,20171005201,107.0
2325,20171005211,100.0
2326,20171005221,99.0
2327,20171005231,99.0
2328,20171006001,61.0
2329,20171006011,61.0
2330,20171006021,60.0
2331,20171006031,48.0
2332,20171006041,42.0
2333,20171006051,41.0
2334,20171006061,44.0
2335,20171006071,55.0
2336,20171006081,60.0
2337,20171006091,61.0
2338,20171006101,89.0
2339,20171006111,95.0
2340,20171006121,95.0
2341,20171006131,95.0
2342,20171006141,95.0
2343,20171006151,94.0
2344,20171006161,94.0
2345,20171006171,93.0
2346,20171006181,94.0
2347,20171006191,94.0
2348,20171006201,93.0
2349,20171006211,87.0
2350,20171006221,84.0
2351,20171006231,84.0
2352,20171007001,51.0
2353,20171007011,51.0
2354,20171007021,48.0
2355,20171007031,39.0
2356,20171007041,35.0
2357,20171007051,32.0
2358,20171007061,33.0
2359,20171007071,40.0
2360,20171007081,45.0
2361,20171007091,45.0
2362,20171007101,54.0
2363,20171007111,56.0
2364,20171007121,56.0
2365,20171007131,56.0
2366,20171007141,56.0
2367,20171007151,56.0
2368,20171007161,56.0
2369,20171007171,56.0
2370,20171007181,57.0
2371,20171007191,61.0
2372,20171007201,61.0
2373,20171007211,61.0
2374,20171007221,60.0
2375,20171007231,60.0
2376,20171008001,41.0
2377,20171008011,41.0
2378,20171008021,38.0
2379,20171008031,33.0
2380,20171008041,30.0
2381,20171008051,29.0
2382,20171008061,29.0
2383,20171008071,33.0
2384,20171008081,38.0
2385,20171008091,42.0
2386,20171008101,50.0
2387,20171008111,52.0
2388,20171008121,52.0
2389,20171008131,52.0
2390,20171008141,52.0
2391,20171008151,52.0
2392,20171008161,52.0
2393,20171008171,52.0
2394,20171008181,56.0
2395,20171008191,62.0
2396,20171008201,63.0
2397,20171008211,63.0
2398,20171008221,62.0
2399,20171008231,62.0
2400,20171009001,45.0
2401,20171009011,45.0
2402,20171009021,43.0
2403,20171009031,37.0
2404,20171009041,36.0
2405,20171009051,35.0
2406,20171009061,40.0
2407,20171009071,47.0
2408,20171009081,56.0
2409,20171009091,68.0
2410,20171009101,81.0
2411,20171009111,88.0
2412,20171009121,90.0
2413,20171009131,90.0
2414,20171009141,90.0
2415,20171009151,90.0
2416,20171009161,91.0
2417,20171009171,92.0
2418,20171009181,93.0
2419,20171009191,96.0
2420,20171009201,97.0
2421,20171009211,94.0
2422,20171009221,93.0
2423,20171009231,93.0
2424,20171010001,62.0
2425,20171010011,62.0
2426,20171010021,60.0
2427,20171010031,48.0
2428,20171010041,43.0
2429,20171010051,42.0
2430,20171010061,45.0
2431,20171010071,54.0
2432,20171010081,58.0
2433,20171010091,71.0
2434,20171010101,92.0
2435,20171010111,103.0
2436,20171010121,104.0
2437,20171010131,105.0
2438,20171010141,105.0
2439,20171010151,105.0
2440,20171010161,105.0
2441,20171010171,105.0
2442,20171010181,105.0
2443,20171010191,104.0
2444,20171010201,103.0
2445,20171010211,100.0
2446,20171010221,103.0
2447,20171010231,103.0
2448,20171011001,62.0
2449,20171011011,62.0
2450,20171011021,61.0
2451,20171011031,48.0
2452,20171011041,43.0
2453,20171011051,42.0
2454,20171011061,44.0
2455,20171011071,55.0
2456,20171011081,59.0
2457,20171011091,73.0
2458,20171011101,92.0
2459,20171011111,106.0
2460,20171011121,106.0
2461,20171011131,106.0
2462,20171011141,106.0
2463,20171011151,106.0
2464,20171011161,106.0
2465,20171011171,106.0
2466,20171011181,106.0
2467,20171011191,106.0
2468,20171011201,106.0
2469,20171011211,99.0
2470,20171011221,98.0
2471,20171011231,98.0
2472,20171012001,62.0
2473,20171012011,62.0
2474,20171012021,61.0
2475,20171012031,48.0
2476,20171012041,43.0
2477,20171012051,42.0
2478,20171012061,44.0
2479,20171012071,55.0
2480,20171012081,59.0
2481,20171012091,73.0
2482,20171012101,95.0
2483,20171012111,107.0
2484,20171012121,107.0
2485,20171012131,107.0
2486,20171012141,107.0
2487,20171012151,107.0
2488,20171012161,107.0
2489,20171012171,107.0
2490,20171012181,107.0
2491,20171012191,107.0
2492,20171012201,106.0
2493,20171012211,100.0
2494,20171012221,97.0
2495,20171012231,97.0
2496,20171013001,61.0
2497,20171013011,61.0
2498,20171013021,60.0
2499,20171013031,48.0
2500,20171013041,43.0
2501,20171013051,42.0
2502,20171013061,43.0
2503,20171013071,55.0
2504,20171013081,59.0
2505,20171013091,69.0
2506,20171013101,89.0
2507,20171013111,95.0
2508,20171013121,95.0
2509,20171013131,95.0
2510,20171013141,95.0
2511,20171013151,95.0
2512,20171013161,94.0
2513,20171013171,94.0
2514,20171013181,94.0
2515,20171013191,94.0
2516,20171013201,93.0
2517,20171013211,87.0
2518,20171013221,83.0
2519,20171013231,83.0
2520,20171014001,52.0
2521,20171014011,52.0
2522,20171014021,48.0
2523,20171014031,39.0
2524,20171014041,35.0
2525,20171014051,33.0
2526,20171014061,33.0
2527,20171014071,40.0
2528,20171014081,44.0
2529,20171014091,47.0
2530,20171014101,53.0
2531,20171014111,56.0
2532,20171014121,56.0
2533,20171014131,56.0
2534,20171014141,56.0
2535,20171014151,56.0
2536,20171014161,56.0
2537,20171014171,56.0
2538,20171014181,57.0
2539,20171014191,61.0
2540,20171014201,62.0
2541,20171014211,61.0
2542,20171014221,61.0
2543,20171014231,61.0
2544,20171015001,41.0
2545,20171015011,41.0
2546,20171015021,38.0
2547,20171015031,33.0
2548,20171015041,29.0
2549,20171015051,29.0
2550,20171015061,29.0
2551,20171015071,33.0
2552,20171015081,38.0
2553,20171015091,39.0
2554,20171015101,50.0
2555,20171015111,52.0
2556,20171015121,52.0
2557,20171015131,52.0
2558,20171015141,52.0
2559,20171015151,52.0
2560,20171015161,52.0
2561,20171015171,52.0
2562,20171015181,56.0
2563,20171015191,61.0
2564,20171015201,61.0
2565,20171015211,61.0
2566,20171015221,61.0
2567,20171015231,61.0
2568,20171016001,45.0
2569,20171016011,45.0
2570,20171016021,42.0
2571,20171016031,37.0
2572,20171016041,35.0
2573,20171016051,35.0
2574,20171016061,40.0
2575,20171016071,47.0
2576,20171016081,57.0
2577,20171016091,67.0
2578,20171016101,81.0
2579,20171016111,88.0
2580,20171016121,90.0
2581,20171016131,90.0
2582,20171016141,90.0
2583,20171016151,90.0
2584,20171016161,91.0
2585,20171016171,92.0
2586,20171016181,93.0
2587,20171016191,96.0
2588,20171016201,96.0
2589,20171016211,94.0
2590,20171016221,93.0
2591,20171016231,93.0
2592,20171017001,62.0
2593,20171017011,62.0
2594,20171017021,60.0
2595,20171017031,48.0
2596,20171017041,42.0
2597,20171017051,42.0
2598,20171017061,45.0
2599,20171017071,54.0
2600,20171017081,58.0
2601,20171017091,69.0
2602,20171017101,91.0
2603,20171017111,103.0
2604,20171017121,104.0
2605,20171017131,105.0
2606,20171017141,105.0
2607,20171017151,105.0
2608,20171017161,105.0
2609,20171017171,104.0
2610,20171017181,104.0
2611,20171017191,104.0
2612,20171017201,103.0
2613,20171017211,100.0
2614,20171017221,101.0
2615,20171017231,101.0
2616,20171018001,62.0
2617,20171018011,62.0
2618,20171018021,61.0
2619,20171018031,48.0
2620,20171018041,42.0
2621,20171018051,42.0
2622,20171018061,44.0
2623,20171018071,55.0
2624,20171018081,59.0
2625,20171018091,72.0
2626,20171018101,92.0
2627,20171018111,106.0
2628,20171018121,106.0
2629,20171018131,106.0
2630,20171018141,106.0
2631,20171018151,106.0
2632,20171018161,106.0
2633,20171018171,106.0
2634,20171018181,106.0
2635,20171018191,106.0
2636,20171018201,106.0
2637,20171018211,100.0
2638,20171018221,98.0
2639,20171018231,98.0
2640,20171019001,62.0
2641,20171019011,62.0
2642,20171019021,61.0
2643,20171019031,48.0
2644,20171019041,42.0
2645,20171019051,42.0
2646,20171019061,44.0
2647,20171019071,55.0
2648,20171019081,59.0
2649,20171019091,73.0
2650,20171019101,94.0
2651,20171019111,107.0
2652,20171019121,107.0
2653,20171019131,107.0
2654,20171019141,107.0
2655,20171019151,107.0
2656,20171019161,107.0
2657,20171019171,107.0
2658,20171019181,107.0
2659,20171019191,107.0
2660,20171019201,106.0
2661,20171019211,100.0
2662,20171019221,98.0
2663,20171019231,98.0
2664,20171020001,61.0
2665,20171020011,61.0
2666,20171020021,60.0
2667,20171020031,48.0
2668,20171020041,42.0
2669,20171020051,42.0
2670,20171020061,43.0
2671,20171020071,55.0
2672,20171020081,59.0
2673,20171020091,69.0
2674,20171020101,86.0
2675,20171020111,92.0
2676,20171020121,92.0
2677,20171020131,92.0
2678,20171020141,91.0
2679,20171020151,90.0
2680,20171020161,89.0
2681,20171020171,89.0
2682,20171020181,89.0
2683,20171020191,89.0
2684,20171020201,88.0
2685,20171020211,83.0
2686,20171020221,81.0
2687,20171020231,81.0
2688,20171021001,52.0
2689,20171021011,52.0
2690,20171021021,48.0
2691,20171021031,39.0
2692,20171021041,35.0
2693,20171021051,33.0
2694,20171021061,33.0
2695,20171021071,40.0
2696,20171021081,45.0
2697,20171021091,48.0
2698,20171021101,53.0
2699,20171021111,55.0
2700,20171021121,55.0
2701,20171021131,55.0
2702,20171021141,55.0
2703,20171021151,55.0
2704,20171021161,55.0
2705,20171021171,55.0
2706,20171021181,57.0
2707,20171021191,61.0
2708,20171021201,61.0
2709,20171021211,61.0
2710,20171021221,60.0
2711,20171021231,60.0
2712,20171022001,41.0
2713,20171022011,41.0
2714,20171022021,38.0
2715,20171022031,33.0
2716,20171022041,30.0
2717,20171022051,29.0
2718,20171022061,29.0
2719,20171022071,33.0
2720,20171022081,37.0
2721,20171022091,39.0
2722,20171022101,50.0
2723,20171022111,52.0
2724,20171022121,52.0
2725,20171022131,52.0
2726,20171022141,52.0
2727,20171022151,52.0
2728,20171022161,52.0
2729,20171022171,52.0
2730,20171022181,56.0
2731,20171022191,61.0
2732,20171022201,61.0
2733,20171022211,61.0
2734,20171022221,61.0
2735,20171022231,61.0
2736,20171023001,45.0
2737,20171023011,45.0
2738,20171023021,42.0
2739,20171023031,37.0
2740,20171023041,36.0
2741,20171023051,35.0
2742,20171023061,40.0
2743,20171023071,47.0
2744,20171023081,56.0
2745,20171023091,66.0
2746,20171023101,81.0
2747,20171023111,88.0
2748,20171023121,90.0
2749,20171023131,90.0
2750,20171023141,90.0
2751,20171023151,90.0
2752,20171023161,91.0
2753,20171023171,92.0
2754,20171023181,93.0
2755,20171023191,96.0
2756,20171023201,96.0
2757,20171023211,94.0
2758,20171023221,93.0
2759,20171023231,93.0
2760,20171024001,62.0
2761,20171024011,62.0
2762,20171024021,60.0
2763,20171024031,48.0
2764,20171024041,43.0
2765,20171024051,42.0
2766,20171024061,45.0
2767,20171024071,54.0
2768,20171024081,58.0
2769,20171024091,66.0
2770,20171024101,92.0
2771,20171024111,103.0
2772,20171024121,104.0
2773,20171024131,105.0
2774,20171024141,105.0
2775,20171024151,105.0
2776,20171024161,105.0
2777,20171024171,105.0
2778,20171024181,104.0
2779,20171024191,104.0
2780,20171024201,103.0
2781,20171024211,100.0
2782,20171024221,101.0
2783,20171024231,101.0
2784,20171025001,62.0
2785,20171025011,62.0
2786,20171025021,61.0
2787,20171025031,48.0
2788,20171025041,43.0
2789,20171025051,42.0
2790,20171025061,44.0
2791,20171025071,55.0
2792,20171025081,59.0
2793,20171025091,66.0
2794,20171025101,92.0
2795,20171025111,106.0
2796,20171025121,106.0
2797,20171025131,106.0
2798,20171025141,106.0
2799,20171025151,106.0
2800,20171025161,106.0
2801,20171025171,106.0
2802,20171025181,106.0
2803,20171025191,106.0
2804,20171025201,106.0
2805,20171025211,100.0
2806,20171025221,98.0
2807,20171025231,98.0
2808,20171026001,62.0
2809,20171026011,62.0
2810,20171026021,61.0
2811,20171026031,48.0
2812,20171026041,42.0
2813,20171026051,42.0
2814,20171026061,44.0
2815,20171026071,55.0
2816,20171026081,60.0
2817,20171026091,65.0
2818,20171026101,94.0
2819,20171026111,107.0
2820,20171026121,107.0
2821,20171026131,107.0
2822,20171026141,107.0
2823,20171026151,107.0
2824,20171026161,107.0
2825,20171026171,107.0
2826,20171026181,107.0
2827,20171026191,107.0
2828,20171026201,106.0
2829,20171026211,100.0
2830,20171026221,98.0
2831,20171026231,98.0
2832,20171027001,61.0
2833,20171027011,61.0
2834,20171027021,60.0
2835,20171027031,48.0
2836,20171027041,42.0
2837,20171027051,42.0
2838,20171027061,43.0
2839,20171027071,55.0
2840,20171027081,59.0
2841,20171027091,62.0
2842,20171027101,85.0
2843,20171027111,91.0
2844,20171027121,91.0
2845,20171027131,91.0
2846,20171027141,90.0
2847,20171027151,90.0
2848,20171027161,89.0
2849,20171027171,88.0
2850,20171027181,89.0
2851,20171027191,89.0
2852,20171027201,88.0
2853,20171027211,83.0
2854,20171027221,81.0
2855,20171027231,81.0
2856,20171028001,51.0
2857,20171028011,51.0
2858,20171028021,48.0
2859,20171028031,39.0
2860,20171028041,35.0
2861,20171028051,33.0
2862,20171028061,33.0
2863,20171028071,40.0
2864,20171028081,45.0
2865,20171028091,47.0
2866,20171028101,58.0
2867,20171028111,60.0
2868,20171028121,60.0
2869,20171028131,59.0
2870,20171028141,59.0
2871,20171028151,59.0
2872,20171028161,59.0
2873,20171028171,59.0
2874,20171028181,60.0
2875,20171028191,63.0
2876,20171028201,63.0
2877,20171028211,63.0
2878,20171028221,63.0
2879,20171028231,63.0
2880,20171029001,41.0
2881,20171029011,41.0
2882,20171029021,38.0
2883,20171029031,33.0
2884,20171029041,30.0
2885,20171029051,29.0
2886,20171029061,29.0
2887,20171029071,33.0
2888,20171029081,37.0
2889,20171029091,39.0
2890,20171029101,51.0
2891,20171029111,52.0
2892,20171029121,53.0
2893,20171029131,53.0
2894,20171029141,52.0
2895,20171029151,53.0
2896,20171029161,52.0
2897,20171029171,53.0
2898,20171029181,57.0
2899,20171029191,61.0
2900,20171029201,61.0
2901,20171029211,61.0
2902,20171029221,61.0
2903,20171029231,61.0
2904,20171030001,45.0
2905,20171030011,45.0
2906,20171030021,43.0
2907,20171030031,40.0
2908,20171030041,38.0
2909,20171030051,38.0
2910,20171030061,42.0
2911,20171030071,48.0
2912,20171030081,56.0
2913,20171030091,66.0
2914,20171030101,80.0
2915,20171030111,87.0
2916,20171030121,89.0
2917,20171030131,90.0
2918,20171030141,89.0
2919,20171030151,89.0
2920,20171030161,90.0
2921,20171030171,92.0
2922,20171030181,92.0
2923,20171030191,95.0
2924,20171030201,95.0
2925,20171030211,92.0
2926,20171030221,91.0
2927,20171030231,91.0
2928,20171031001,62.0
2929,20171031011,62.0
2930,20171031021,60.0
2931,20171031031,48.0
2932,20171031041,45.0
2933,20171031051,45.0
2934,20171031061,46.0
2935,20171031071,54.0
2936,20171031081,57.0
2937,20171031091,67.0
2938,20171031101,90.0
2939,20171031111,101.0
2940,20171031121,103.0
2941,20171031131,103.0
2942,20171031141,103.0
2943,20171031151,103.0
2944,20171031161,104.0
2945,20171031171,103.0
2946,20171031181,103.0
2947,20171031191,101.0
2948,20171031201,101.0
2949,20171031211,102.0
2950,20171031221,102.0
2951,20171031231,102.0
0,20170701002,23.0
1,20170701012,24.0
2,20170701022,24.0
3,20170701032,18.0
4,20170701042,14.0
5,20170701052,12.0
6,20170701062,12.0
7,20170701072,14.0
8,20170701082,14.0
9,20170701092,14.0
10,20170701102,16.0
11,20170701112,16.0
12,20170701122,17.0
13,20170701132,17.0
14,20170701142,17.0
15,20170701152,17.0
16,20170701162,17.0
17,20170701172,18.0
18,20170701182,19.0
19,20170701192,19.0
20,20170701202,19.0
21,20170701212,19.0
22,20170701222,19.0
23,20170701232,19.0
24,20170702002,17.0
25,20170702012,17.0
26,20170702022,17.0
27,20170702032,15.0
28,20170702042,13.0
29,20170702052,12.0
30,20170702062,12.0
31,20170702072,12.0
32,20170702082,12.0
33,20170702092,13.0
34,20170702102,15.0
35,20170702112,15.0
36,20170702122,16.0
37,20170702132,16.0
38,20170702142,16.0
39,20170702152,17.0
40,20170702162,18.0
41,20170702172,18.0
42,20170702182,19.0
43,20170702192,19.0
44,20170702202,20.0
45,20170702212,20.0
46,20170702222,20.0
47,20170702232,20.0
48,20170703002,20.0
49,20170703012,20.0
50,20170703022,20.0
51,20170703032,18.0
52,20170703042,16.0
53,20170703052,15.0
54,20170703062,15.0
55,20170703072,16.0
56,20170703082,20.0
57,20170703092,21.0
58,20170703102,23.0
59,20170703112,29.0
60,20170703122,31.0
61,20170703132,32.0
62,20170703142,32.0
63,20170703152,32.0
64,20170703162,32.0
65,20170703172,33.0
66,20170703182,33.0
67,20170703192,33.0
68,20170703202,33.0
69,20170703212,33.0
70,20170703222,33.0
71,20170703232,33.0
72,20170704002,25.0
73,20170704012,25.0
74,20170704022,24.0
75,20170704032,20.0
76,20170704042,18.0
77,20170704052,18.0
78,20170704062,18.0
79,20170704072,18.0
80,20170704082,21.0
81,20170704092,21.0
82,20170704102,24.0
83,20170704112,30.0
84,20170704122,33.0
85,20170704132,33.0
86,20170704142,33.0
87,20170704152,33.0
88,20170704162,33.0
89,20170704172,33.0
90,20170704182,33.0
91,20170704192,33.0
92,20170704202,33.0
93,20170704212,33.0
94,20170704222,33.0
95,20170704232,33.0
96,20170705002,25.0
97,20170705012,25.0
98,20170705022,24.0
99,20170705032,21.0
100,20170705042,18.0
101,20170705052,17.0
102,20170705062,18.0
103,20170705072,18.0
104,20170705082,21.0
105,20170705092,21.0
106,20170705102,25.0
107,20170705112,30.0
108,20170705122,32.0
109,20170705132,33.0
110,20170705142,33.0
111,20170705152,33.0
112,20170705162,33.0
113,20170705172,33.0
114,20170705182,33.0
115,20170705192,33.0
116,20170705202,33.0
117,20170705212,33.0
118,20170705222,33.0
119,20170705232,33.0
120,20170706002,25.0
121,20170706012,25.0
122,20170706022,24.0
123,20170706032,21.0
124,20170706042,17.0
125,20170706052,17.0
126,20170706062,17.0
127,20170706072,17.0
128,20170706082,21.0
129,20170706092,21.0
130,20170706102,25.0
131,20170706112,30.0
132,20170706122,32.0
133,20170706132,33.0
134,20170706142,33.0
135,20170706152,33.0
136,20170706162,33.0
137,20170706172,33.0
138,20170706182,33.0
139,20170706192,33.0
140,20170706202,33.0
141,20170706212,33.0
142,20170706222,33.0
143,20170706232,33.0
144,20170707002,25.0
145,20170707012,25.0
146,20170707022,24.0
147,20170707032,20.0
148,20170707042,17.0
149,20170707052,17.0
150,20170707062,17.0
151,20170707072,17.0
152,20170707082,21.0
153,20170707092,21.0
154,20170707102,24.0
155,20170707112,29.0
156,20170707122,30.0
157,20170707132,30.0
158,20170707142,30.0
159,20170707152,30.0
160,20170707162,30.0
161,20170707172,30.0
162,20170707182,30.0
163,20170707192,30.0
164,20170707202,30.0
165,20170707212,30.0
166,20170707222,30.0
167,20170707232,30.0
168,20170708002,20.0
169,20170708012,20.0
170,20170708022,20.0
171,20170708032,16.0
172,20170708042,13.0
173,20170708052,13.0
174,20170708062,13.0
175,20170708072,13.0
176,20170708082,14.0
177,20170708092,14.0
178,20170708102,16.0
179,20170708112,17.0
180,20170708122,17.0
181,20170708132,17.0
182,20170708142,17.0
183,20170708152,17.0
184,20170708162,17.0
185,20170708172,18.0
186,20170708182,18.0
187,20170708192,18.0
188,20170708202,18.0
189,20170708212,18.0
190,20170708222,18.0
191,20170708232,18.0
192,20170709002,15.0
193,20170709012,15.0
194,20170709022,15.0
195,20170709032,13.0
196,20170709042,12.0
197,20170709052,11.0
198,20170709062,11.0
199,20170709072,11.0
200,20170709082,12.0
201,20170709092,12.0
202,20170709102,15.0
203,20170709112,16.0
204,20170709122,16.0
205,20170709132,16.0
206,20170709142,16.0
207,20170709152,17.0
208,20170709162,18.0
209,20170709172,18.0
210,20170709182,19.0
211,20170709192,20.0
212,20170709202,20.0
213,20170709212,20.0
214,20170709222,20.0
215,20170709232,20.0
216,20170710002,19.0
217,20170710012,19.0
218,20170710022,19.0
219,20170710032,16.0
220,20170710042,16.0
221,20170710052,15.0
222,20170710062,15.0
223,20170710072,16.0
224,20170710082,20.0
225,20170710092,21.0
226,20170710102,23.0
227,20170710112,29.0
228,20170710122,31.0
229,20170710132,32.0
230,20170710142,32.0
231,20170710152,32.0
232,20170710162,32.0
233,20170710172,33.0
234,20170710182,33.0
235,20170710192,33.0
236,20170710202,33.0
237,20170710212,33.0
238,20170710222,33.0
239,20170710232,33.0
240,20170711002,25.0
241,20170711012,25.0
242,20170711022,24.0
243,20170711032,20.0
244,20170711042,18.0
245,20170711052,18.0
246,20170711062,18.0
247,20170711072,18.0
248,20170711082,21.0
249,20170711092,21.0
250,20170711102,24.0
251,20170711112,30.0
252,20170711122,33.0
253,20170711132,33.0
254,20170711142,33.0
255,20170711152,33.0
256,20170711162,33.0
257,20170711172,33.0
258,20170711182,33.0
259,20170711192,33.0
260,20170711202,33.0
261,20170711212,33.0
262,20170711222,33.0
263,20170711232,33.0
264,20170712002,25.0
265,20170712012,25.0
266,20170712022,24.0
267,20170712032,20.0
268,20170712042,18.0
269,20170712052,17.0
270,20170712062,18.0
271,20170712072,18.0
272,20170712082,21.0
273,20170712092,21.0
274,20170712102,25.0
275,20170712112,30.0
276,20170712122,32.0
277,20170712132,33.0
278,20170712142,33.0
279,20170712152,33.0
280,20170712162,33.0
281,20170712172,33.0
282,20170712182,33.0
283,20170712192,33.0
284,20170712202,33.0
285,20170712212,33.0
286,20170712222,33.0
287,20170712232,33.0
288,20170713002,25.0
289,20170713012,25.0
290,20170713022,24.0
291,20170713032,20.0
292,20170713042,17.0
293,20170713052,17.0
294,20170713062,17.0
295,20170713072,17.0
296,20170713082,21.0
297,20170713092,21.0
298,20170713102,25.0
299,20170713112,30.0
300,20170713122,32.0
301,20170713132,33.0
302,20170713142,33.0
303,20170713152,33.0
304,20170713162,33.0
305,20170713172,33.0
306,20170713182,33.0
307,20170713192,33.0
308,20170713202,33.0
309,20170713212,33.0
310,20170713222,33.0
311,20170713232,33.0
312,20170714002,25.0
313,20170714012,25.0
314,20170714022,24.0
315,20170714032,20.0
316,20170714042,17.0
317,20170714052,17.0
318,20170714062,17.0
319,20170714072,17.0
320,20170714082,21.0
321,20170714092,21.0
322,20170714102,24.0
323,20170714112,29.0
324,20170714122,30.0
325,20170714132,30.0
326,20170714142,30.0
327,20170714152,30.0
328,20170714162,30.0
329,20170714172,30.0
330,20170714182,30.0
331,20170714192,30.0
332,20170714202,30.0
333,20170714212,30.0
334,20170714222,30.0
335,20170714232,30.0
336,20170715002,20.0
337,20170715012,20.0
338,20170715022,20.0
339,20170715032,16.0
340,20170715042,13.0
341,20170715052,13.0
342,20170715062,13.0
343,20170715072,13.0
344,20170715082,14.0
345,20170715092,14.0
346,20170715102,16.0
347,20170715112,17.0
348,20170715122,17.0
349,20170715132,17.0
350,20170715142,17.0
351,20170715152,17.0
352,20170715162,17.0
353,20170715172,18.0
354,20170715182,18.0
355,20170715192,19.0
356,20170715202,19.0
357,20170715212,19.0
358,20170715222,19.0
359,20170715232,19.0
360,20170716002,15.0
361,20170716012,15.0
362,20170716022,15.0
363,20170716032,13.0
364,20170716042,12.0
365,20170716052,11.0
366,20170716062,11.0
367,20170716072,11.0
368,20170716082,12.0
369,20170716092,12.0
370,20170716102,14.0
371,20170716112,16.0
372,20170716122,16.0
373,20170716132,16.0
374,20170716142,16.0
375,20170716152,17.0
376,20170716162,18.0
377,20170716172,18.0
378,20170716182,19.0
379,20170716192,19.0
380,20170716202,20.0
381,20170716212,20.0
382,20170716222,20.0
383,20170716232,20.0
384,20170717002,19.0
385,20170717012,19.0
386,20170717022,19.0
387,20170717032,16.0
388,20170717042,16.0
389,20170717052,15.0
390,20170717062,15.0
391,20170717072,16.0
392,20170717082,20.0
393,20170717092,21.0
394,20170717102,23.0
395,20170717112,29.0
396,20170717122,31.0
397,20170717132,32.0
398,20170717142,32.0
399,20170717152,32.0
400,20170717162,32.0
401,20170717172,33.0
402,20170717182,33.0
403,20170717192,33.0
404,20170717202,33.0
405,20170717212,33.0
406,20170717222,33.0
407,20170717232,33.0
408,20170718002,25.0
409,20170718012,25.0
410,20170718022,24.0
411,20170718032,20.0
412,20170718042,18.0
413,20170718052,18.0
414,20170718062,18.0
415,20170718072,18.0
416,20170718082,21.0
417,20170718092,21.0
418,20170718102,24.0
419,20170718112,30.0
420,20170718122,33.0
421,20170718132,33.0
422,20170718142,33.0
423,20170718152,33.0
424,20170718162,33.0
425,20170718172,33.0
426,20170718182,33.0
427,20170718192,33.0
428,20170718202,33.0
429,20170718212,33.0
430,20170718222,33.0
431,20170718232,33.0
432,20170719002,26.0
433,20170719012,26.0
434,20170719022,24.0
435,20170719032,20.0
436,20170719042,18.0
437,20170719052,17.0
438,20170719062,17.0
439,20170719072,18.0
440,20170719082,21.0
441,20170719092,21.0
442,20170719102,25.0
443,20170719112,30.0
444,20170719122,32.0
445,20170719132,33.0
446,20170719142,33.0
447,20170719152,33.0
448,20170719162,33.0
449,20170719172,33.0
450,20170719182,33.0
451,20170719192,33.0
452,20170719202,33.0
453,20170719212,33.0
454,20170719222,33.0
455,20170719232,33.0
456,20170720002,27.0
457,20170720012,27.0
458,20170720022,24.0
459,20170720032,20.0
460,20170720042,17.0
461,20170720052,17.0
462,20170720062,17.0
463,20170720072,17.0
464,20170720082,21.0
465,20170720092,21.0
466,20170720102,25.0
467,20170720112,30.0
468,20170720122,32.0
469,20170720132,33.0
470,20170720142,33.0
471,20170720152,33.0
472,20170720162,33.0
473,20170720172,33.0
474,20170720182,33.0
475,20170720192,33.0
476,20170720202,33.0
477,20170720212,33.0
478,20170720222,33.0
479,20170720232,33.0
480,20170721002,27.0
481,20170721012,27.0
482,20170721022,24.0
483,20170721032,20.0
484,20170721042,17.0
485,20170721052,17.0
486,20170721062,17.0
487,20170721072,17.0
488,20170721082,21.0
489,20170721092,21.0
490,20170721102,24.0
491,20170721112,29.0
492,20170721122,30.0
493,20170721132,30.0
494,20170721142,30.0
495,20170721152,30.0
496,20170721162,30.0
497,20170721172,30.0
498,20170721182,30.0
499,20170721192,30.0
500,20170721202,30.0
501,20170721212,30.0
502,20170721222,30.0
503,20170721232,30.0
504,20170722002,22.0
505,20170722012,22.0
506,20170722022,20.0
507,20170722032,16.0
508,20170722042,13.0
509,20170722052,13.0
510,20170722062,13.0
511,20170722072,13.0
512,20170722082,14.0
513,20170722092,14.0
514,20170722102,16.0
515,20170722112,17.0
516,20170722122,17.0
517,20170722132,17.0
518,20170722142,17.0
519,20170722152,17.0
520,20170722162,18.0
521,20170722172,19.0
522,20170722182,19.0
523,20170722192,19.0
524,20170722202,19.0
525,20170722212,19.0
526,20170722222,19.0
527,20170722232,19.0
528,20170723002,16.0
529,20170723012,16.0
530,20170723022,15.0
531,20170723032,13.0
532,20170723042,12.0
533,20170723052,11.0
534,20170723062,11.0
535,20170723072,11.0
536,20170723082,12.0
537,20170723092,12.0
538,20170723102,14.0
539,20170723112,16.0
540,20170723122,16.0
541,20170723132,16.0
542,20170723142,16.0
543,20170723152,18.0
544,20170723162,18.0
545,20170723172,19.0
546,20170723182,19.0
547,20170723192,20.0
548,20170723202,20.0
549,20170723212,20.0
550,20170723222,20.0
551,20170723232,20.0
552,20170724002,19.0
553,20170724012,19.0
554,20170724022,19.0
555,20170724032,16.0
556,20170724042,16.0
557,20170724052,15.0
558,20170724062,15.0
559,20170724072,16.0
560,20170724082,20.0
561,20170724092,21.0
562,20170724102,23.0
563,20170724112,29.0
564,20170724122,31.0
565,20170724132,32.0
566,20170724142,32.0
567,20170724152,32.0
568,20170724162,32.0
569,20170724172,33.0
570,20170724182,33.0
571,20170724192,33.0
572,20170724202,33.0
573,20170724212,33.0
574,20170724222,33.0
575,20170724232,33.0
576,20170725002,25.0
577,20170725012,25.0
578,20170725022,24.0
579,20170725032,20.0
580,20170725042,18.0
581,20170725052,18.0
582,20170725062,18.0
583,20170725072,18.0
584,20170725082,21.0
585,20170725092,21.0
586,20170725102,24.0
587,20170725112,30.0
588,20170725122,33.0
589,20170725132,33.0
590,20170725142,33.0
591,20170725152,33.0
592,20170725162,33.0
593,20170725172,33.0
594,20170725182,33.0
595,20170725192,33.0
596,20170725202,33.0
597,20170725212,33.0
598,20170725222,33.0
599,20170725232,33.0
600,20170726002,26.0
601,20170726012,26.0
602,20170726022,24.0
603,20170726032,20.0
604,20170726042,18.0
605,20170726052,17.0
606,20170726062,17.0
607,20170726072,17.0
608,20170726082,21.0
609,20170726092,21.0
610,20170726102,25.0
611,20170726112,30.0
612,20170726122,32.0
613,20170726132,33.0
614,20170726142,33.0
615,20170726152,33.0
616,20170726162,33.0
617,20170726172,33.0
618,20170726182,33.0
619,20170726192,33.0
620,20170726202,33.0
621,20170726212,33.0
622,20170726222,33.0
623,20170726232,33.0
624,20170727002,27.0
625,20170727012,27.0
626,20170727022,24.0
627,20170727032,20.0
628,20170727042,17.0
629,20170727052,17.0
630,20170727062,17.0
631,20170727072,17.0
632,20170727082,21.0
633,20170727092,21.0
634,20170727102,25.0
635,20170727112,30.0
636,20170727122,32.0
637,20170727132,33.0
638,20170727142,33.0
639,20170727152,33.0
640,20170727162,33.0
641,20170727172,33.0
642,20170727182,33.0
643,20170727192,33.0
644,20170727202,33.0
645,20170727212,33.0
646,20170727222,33.0
647,20170727232,33.0
648,20170728002,27.0
649,20170728012,27.0
650,20170728022,24.0
651,20170728032,20.0
652,20170728042,17.0
653,20170728052,17.0
654,20170728062,17.0
655,20170728072,17.0
656,20170728082,21.0
657,20170728092,21.0
658,20170728102,24.0
659,20170728112,29.0
660,20170728122,30.0
661,20170728132,30.0
662,20170728142,30.0
663,20170728152,30.0
664,20170728162,30.0
665,20170728172,30.0
666,20170728182,30.0
667,20170728192,30.0
668,20170728202,30.0
669,20170728212,30.0
670,20170728222,30.0
671,20170728232,30.0
672,20170729002,22.0
673,20170729012,22.0
674,20170729022,20.0
675,20170729032,16.0
676,20170729042,13.0
677,20170729052,13.0
678,20170729062,13.0
679,20170729072,13.0
680,20170729082,14.0
681,20170729092,14.0
682,20170729102,16.0
683,20170729112,17.0
684,20170729122,17.0
685,20170729132,17.0
686,20170729142,17.0
687,20170729152,17.0
688,20170729162,18.0
689,20170729172,18.0
690,20170729182,19.0
691,20170729192,19.0
692,20170729202,19.0
693,20170729212,19.0
694,20170729222,19.0
695,20170729232,19.0
696,20170730002,16.0
697,20170730012,16.0
698,20170730022,15.0
699,20170730032,13.0
700,20170730042,12.0
701,20170730052,11.0
702,20170730062,11.0
703,20170730072,11.0
704,20170730082,12.0
705,20170730092,12.0
706,20170730102,14.0
707,20170730112,16.0
708,20170730122,16.0
709,20170730132,16.0
710,20170730142,16.0
711,20170730152,18.0
712,20170730162,18.0
713,20170730172,19.0
714,20170730182,19.0
715,20170730192,20.0
716,20170730202,20.0
717,20170730212,20.0
718,20170730222,20.0
719,20170730232,20.0
720,20170731002,19.0
721,20170731012,19.0
722,20170731022,19.0
723,20170731032,16.0
724,20170731042,16.0
725,20170731052,15.0
726,20170731062,15.0
727,20170731072,16.0
728,20170731082,20.0
729,20170731092,21.0
730,20170731102,23.0
731,20170731112,29.0
732,20170731122,31.0
733,20170731132,32.0
734,20170731142,32.0
735,20170731152,32.0
736,20170731162,32.0
737,20170731172,32.0
738,20170731182,32.0
739,20170731192,32.0
740,20170731202,32.0
741,20170731212,32.0
742,20170731222,32.0
743,20170731232,32.0
744,20170801002,25.0
745,20170801012,25.0
746,20170801022,25.0
747,20170801032,20.0
748,20170801042,18.0
749,20170801052,18.0
750,20170801062,18.0
751,20170801072,18.0
752,20170801082,21.0
753,20170801092,21.0
754,20170801102,24.0
755,20170801112,30.0
756,20170801122,33.0
757,20170801132,33.0
758,20170801142,33.0
759,20170801152,33.0
760,20170801162,33.0
761,20170801172,33.0
762,20170801182,33.0
763,20170801192,33.0
764,20170801202,33.0
765,20170801212,33.0
766,20170801222,33.0
767,20170801232,33.0
768,20170802002,25.0
769,20170802012,25.0
770,20170802022,24.0
771,20170802032,20.0
772,20170802042,18.0
773,20170802052,17.0
774,20170802062,17.0
775,20170802072,18.0
776,20170802082,21.0
777,20170802092,21.0
778,20170802102,25.0
779,20170802112,30.0
780,20170802122,33.0
781,20170802132,33.0
782,20170802142,33.0
783,20170802152,33.0
784,20170802162,33.0
785,20170802172,33.0
786,20170802182,33.0
787,20170802192,33.0
788,20170802202,33.0
789,20170802212,33.0
790,20170802222,33.0
791,20170802232,33.0
792,20170803002,25.0
793,20170803012,25.0
794,20170803022,24.0
795,20170803032,20.0
796,20170803042,17.0
797,20170803052,17.0
798,20170803062,17.0
799,20170803072,17.0
800,20170803082,21.0
801,20170803092,21.0
802,20170803102,25.0
803,20170803112,30.0
804,20170803122,32.0
805,20170803132,33.0
806,20170803142,33.0
807,20170803152,33.0
808,20170803162,33.0
809,20170803172,33.0
810,20170803182,33.0
811,20170803192,33.0
812,20170803202,33.0
813,20170803212,33.0
814,20170803222,33.0
815,20170803232,33.0
816,20170804002,25.0
817,20170804012,25.0
818,20170804022,24.0
819,20170804032,20.0
820,20170804042,17.0
821,20170804052,17.0
822,20170804062,17.0
823,20170804072,17.0
824,20170804082,21.0
825,20170804092,21.0
826,20170804102,24.0
827,20170804112,29.0
828,20170804122,30.0
829,20170804132,30.0
830,20170804142,30.0
831,20170804152,30.0
832,20170804162,30.0
833,20170804172,30.0
834,20170804182,30.0
835,20170804192,30.0
836,20170804202,30.0
837,20170804212,30.0
838,20170804222,30.0
839,20170804232,30.0
840,20170805002,20.0
841,20170805012,20.0
842,20170805022,20.0
843,20170805032,16.0
844,20170805042,13.0
845,20170805052,13.0
846,20170805062,13.0
847,20170805072,13.0
848,20170805082,14.0
849,20170805092,14.0
850,20170805102,16.0
851,20170805112,17.0
852,20170805122,17.0
853,20170805132,17.0
854,20170805142,17.0
855,20170805152,17.0
856,20170805162,17.0
857,20170805172,18.0
858,20170805182,18.0
859,20170805192,19.0
860,20170805202,19.0
861,20170805212,19.0
862,20170805222,19.0
863,20170805232,19.0
864,20170806002,15.0
865,20170806012,15.0
866,20170806022,15.0
867,20170806032,13.0
868,20170806042,12.0
869,20170806052,11.0
870,20170806062,11.0
871,20170806072,11.0
872,20170806082,12.0
873,20170806092,12.0
874,20170806102,15.0
875,20170806112,16.0
876,20170806122,16.0
877,20170806132,16.0
878,20170806142,16.0
879,20170806152,17.0
880,20170806162,18.0
881,20170806172,18.0
882,20170806182,19.0
883,20170806192,19.0
884,20170806202,20.0
885,20170806212,20.0
886,20170806222,20.0
887,20170806232,20.0
888,20170807002,19.0
889,20170807012,19.0
890,20170807022,19.0
891,20170807032,16.0
892,20170807042,16.0
893,20170807052,15.0
894,20170807062,15.0
895,20170807072,16.0
896,20170807082,20.0
897,20170807092,21.0
898,20170807102,23.0
899,20170807112,29.0
900,20170807122,31.0
901,20170807132,32.0
902,20170807142,32.0
903,20170807152,32.0
904,20170807162,32.0
905,20170807172,33.0
906,20170807182,33.0
907,20170807192,33.0
908,20170807202,33.0
909,20170807212,33.0
910,20170807222,33.0
911,20170807232,33.0
912,20170808002,25.0
913,20170808012,25.0
914,20170808022,24.0
915,20170808032,20.0
916,20170808042,18.0
917,20170808052,18.0
918,20170808062,18.0
919,20170808072,18.0
920,20170808082,21.0
921,20170808092,21.0
922,20170808102,24.0
923,20170808112,30.0
924,20170808122,33.0
925,20170808132,33.0
926,20170808142,33.0
927,20170808152,33.0
928,20170808162,33.0
929,20170808172,33.0
930,20170808182,33.0
931,20170808192,33.0
932,20170808202,33.0
933,20170808212,33.0
934,20170808222,33.0
935,20170808232,33.0
936,20170809002,25.0
937,20170809012,25.0
938,20170809022,24.0
939,20170809032,20.0
940,20170809042,18.0
941,20170809052,17.0
942,20170809062,18.0
943,20170809072,18.0
944,20170809082,21.0
945,20170809092,21.0
946,20170809102,25.0
947,20170809112,30.0
948,20170809122,32.0
949,20170809132,33.0
950,20170809142,33.0
951,20170809152,33.0
952,20170809162,33.0
953,20170809172,33.0
954,20170809182,33.0
955,20170809192,33.0
956,20170809202,33.0
957,20170809212,33.0
958,20170809222,33.0
959,20170809232,33.0
960,20170810002,25.0
961,20170810012,25.0
962,20170810022,24.0
963,20170810032,20.0
964,20170810042,17.0
965,20170810052,17.0
966,20170810062,17.0
967,20170810072,17.0
968,20170810082,21.0
969,20170810092,21.0
970,20170810102,25.0
971,20170810112,30.0
972,20170810122,32.0
973,20170810132,33.0
974,20170810142,33.0
975,20170810152,33.0
976,20170810162,33.0
977,20170810172,33.0
978,20170810182,33.0
979,20170810192,33.0
980,20170810202,33.0
981,20170810212,33.0
982,20170810222,33.0
983,20170810232,33.0
984,20170811002,25.0
985,20170811012,25.0
986,20170811022,24.0
987,20170811032,20.0
988,20170811042,17.0
989,20170811052,17.0
990,20170811062,17.0
991,20170811072,17.0
992,20170811082,21.0
993,20170811092,21.0
994,20170811102,24.0
995,20170811112,29.0
996,20170811122,30.0
997,20170811132,30.0
998,20170811142,30.0
999,20170811152,30.0
1000,20170811162,30.0
1001,20170811172,30.0
1002,20170811182,30.0
1003,20170811192,30.0
1004,20170811202,30.0
1005,20170811212,30.0
1006,20170811222,30.0
1007,20170811232,30.0
1008,20170812002,20.0
1009,20170812012,20.0
1010,20170812022,20.0
1011,20170812032,16.0
1012,20170812042,13.0
1013,20170812052,13.0
1014,20170812062,13.0
1015,20170812072,13.0
1016,20170812082,14.0
1017,20170812092,14.0
1018,20170812102,16.0
1019,20170812112,17.0
1020,20170812122,17.0
1021,20170812132,17.0
1022,20170812142,17.0
1023,20170812152,17.0
1024,20170812162,17.0
1025,20170812172,18.0
1026,20170812182,18.0
1027,20170812192,19.0
1028,20170812202,19.0
1029,20170812212,19.0
1030,20170812222,19.0
1031,20170812232,19.0
1032,20170813002,15.0
1033,20170813012,15.0
1034,20170813022,15.0
1035,20170813032,13.0
1036,20170813042,12.0
1037,20170813052,11.0
1038,20170813062,11.0
1039,20170813072,11.0
1040,20170813082,12.0
1041,20170813092,12.0
1042,20170813102,14.0
1043,20170813112,16.0
1044,20170813122,16.0
1045,20170813132,16.0
1046,20170813142,16.0
1047,20170813152,17.0
1048,20170813162,18.0
1049,20170813172,18.0
1050,20170813182,19.0
1051,20170813192,20.0
1052,20170813202,20.0
1053,20170813212,20.0
1054,20170813222,20.0
1055,20170813232,20.0
1056,20170814002,19.0
1057,20170814012,19.0
1058,20170814022,19.0
1059,20170814032,16.0
1060,20170814042,16.0
1061,20170814052,15.0
1062,20170814062,15.0
1063,20170814072,16.0
1064,20170814082,20.0
1065,20170814092,21.0
1066,20170814102,23.0
1067,20170814112,29.0
1068,20170814122,31.0
1069,20170814132,32.0
1070,20170814142,32.0
1071,20170814152,32.0
1072,20170814162,32.0
1073,20170814172,33.0
1074,20170814182,33.0
1075,20170814192,33.0
1076,20170814202,33.0
1077,20170814212,33.0
1078,20170814222,33.0
1079,20170814232,33.0
1080,20170815002,25.0
1081,20170815012,25.0
1082,20170815022,24.0
1083,20170815032,20.0
1084,20170815042,18.0
1085,20170815052,18.0
1086,20170815062,18.0
1087,20170815072,18.0
1088,20170815082,21.0
1089,20170815092,21.0
1090,20170815102,24.0
1091,20170815112,30.0
1092,20170815122,33.0
1093,20170815132,33.0
1094,20170815142,33.0
1095,20170815152,33.0
1096,20170815162,33.0
1097,20170815172,33.0
1098,20170815182,33.0
1099,20170815192,33.0
1100,20170815202,33.0
1101,20170815212,33.0
1102,20170815222,33.0
1103,20170815232,33.0
1104,20170816002,25.0
1105,20170816012,25.0
1106,20170816022,24.0
1107,20170816032,20.0
1108,20170816042,18.0
1109,20170816052,17.0
1110,20170816062,17.0
1111,20170816072,18.0
1112,20170816082,21.0
1113,20170816092,21.0
1114,20170816102,25.0
1115,20170816112,30.0
1116,20170816122,32.0
1117,20170816132,33.0
1118,20170816142,33.0
1119,20170816152,33.0
1120,20170816162,33.0
1121,20170816172,33.0
1122,20170816182,33.0
1123,20170816192,33.0
1124,20170816202,33.0
1125,20170816212,33.0
1126,20170816222,33.0
1127,20170816232,33.0
1128,20170817002,25.0
1129,20170817012,25.0
1130,20170817022,24.0
1131,20170817032,20.0
1132,20170817042,17.0
1133,20170817052,17.0
1134,20170817062,17.0
1135,20170817072,17.0
1136,20170817082,21.0
1137,20170817092,21.0
1138,20170817102,25.0
1139,20170817112,30.0
1140,20170817122,32.0
1141,20170817132,33.0
1142,20170817142,33.0
1143,20170817152,33.0
1144,20170817162,33.0
1145,20170817172,33.0
1146,20170817182,33.0
1147,20170817192,33.0
1148,20170817202,33.0
1149,20170817212,33.0
1150,20170817222,33.0
1151,20170817232,33.0
1152,20170818002,26.0
1153,20170818012,26.0
1154,20170818022,24.0
1155,20170818032,20.0
1156,20170818042,17.0
1157,20170818052,17.0
1158,20170818062,17.0
1159,20170818072,17.0
1160,20170818082,21.0
1161,20170818092,21.0
1162,20170818102,24.0
1163,20170818112,29.0
1164,20170818122,30.0
1165,20170818132,30.0
1166,20170818142,30.0
1167,20170818152,30.0
1168,20170818162,30.0
1169,20170818172,30.0
1170,20170818182,30.0
1171,20170818192,30.0
1172,20170818202,30.0
1173,20170818212,30.0
1174,20170818222,30.0
1175,20170818232,30.0
1176,20170819002,20.0
1177,20170819012,20.0
1178,20170819022,20.0
1179,20170819032,16.0
1180,20170819042,13.0
1181,20170819052,13.0
1182,20170819062,13.0
1183,20170819072,13.0
1184,20170819082,14.0
1185,20170819092,14.0
1186,20170819102,16.0
1187,20170819112,17.0
1188,20170819122,17.0
1189,20170819132,17.0
1190,20170819142,17.0
1191,20170819152,17.0
1192,20170819162,18.0
1193,20170819172,18.0
1194,20170819182,19.0
1195,20170819192,19.0
1196,20170819202,19.0
1197,20170819212,19.0
1198,20170819222,19.0
1199,20170819232,19.0
1200,20170820002,15.0
1201,20170820012,15.0
1202,20170820022,15.0
1203,20170820032,13.0
1204,20170820042,12.0
1205,20170820052,11.0
1206,20170820062,11.0
1207,20170820072,11.0
1208,20170820082,12.0
1209,20170820092,12.0
1210,20170820102,14.0
1211,20170820112,16.0
1212,20170820122,16.0
1213,20170820132,16.0
1214,20170820142,16.0
1215,20170820152,18.0
1216,20170820162,18.0
1217,20170820172,19.0
1218,20170820182,19.0
1219,20170820192,20.0
1220,20170820202,20.0
1221,20170820212,20.0
1222,20170820222,20.0
1223,20170820232,20.0
1224,20170821002,19.0
1225,20170821012,19.0
1226,20170821022,19.0
1227,20170821032,16.0
1228,20170821042,16.0
1229,20170821052,15.0
1230,20170821062,15.0
1231,20170821072,16.0
1232,20170821082,20.0
1233,20170821092,21.0
1234,20170821102,23.0
1235,20170821112,29.0
1236,20170821122,32.0
1237,20170821132,32.0
1238,20170821142,32.0
1239,20170821152,32.0
1240,20170821162,32.0
1241,20170821172,33.0
1242,20170821182,33.0
1243,20170821192,33.0
1244,20170821202,33.0
1245,20170821212,33.0
1246,20170821222,33.0
1247,20170821232,33.0
1248,20170822002,25.0
1249,20170822012,25.0
1250,20170822022,24.0
1251,20170822032,20.0
1252,20170822042,18.0
1253,20170822052,18.0
1254,20170822062,18.0
1255,20170822072,18.0
1256,20170822082,21.0
1257,20170822092,21.0
1258,20170822102,24.0
1259,20170822112,30.0
1260,20170822122,33.0
1261,20170822132,33.0
1262,20170822142,33.0
1263,20170822152,33.0
1264,20170822162,33.0
1265,20170822172,33.0
1266,20170822182,33.0
1267,20170822192,33.0
1268,20170822202,33.0
1269,20170822212,33.0
1270,20170822222,33.0
1271,20170822232,33.0
1272,20170823002,26.0
1273,20170823012,26.0
1274,20170823022,24.0
1275,20170823032,20.0
1276,20170823042,18.0
1277,20170823052,17.0
1278,20170823062,17.0
1279,20170823072,18.0
1280,20170823082,21.0
1281,20170823092,21.0
1282,20170823102,25.0
1283,20170823112,30.0
1284,20170823122,32.0
1285,20170823132,33.0
1286,20170823142,33.0
1287,20170823152,33.0
1288,20170823162,33.0
1289,20170823172,33.0
1290,20170823182,33.0
1291,20170823192,33.0
1292,20170823202,33.0
1293,20170823212,33.0
1294,20170823222,33.0
1295,20170823232,33.0
1296,20170824002,27.0
1297,20170824012,27.0
1298,20170824022,24.0
1299,20170824032,20.0
1300,20170824042,17.0
1301,20170824052,17.0
1302,20170824062,17.0
1303,20170824072,17.0
1304,20170824082,21.0
1305,20170824092,21.0
1306,20170824102,25.0
1307,20170824112,30.0
1308,20170824122,32.0
1309,20170824132,33.0
1310,20170824142,33.0
1311,20170824152,33.0
1312,20170824162,33.0
1313,20170824172,33.0
1314,20170824182,33.0
1315,20170824192,33.0
1316,20170824202,33.0
1317,20170824212,33.0
1318,20170824222,33.0
1319,20170824232,33.0
1320,20170825002,27.0
1321,20170825012,27.0
1322,20170825022,24.0
1323,20170825032,20.0
1324,20170825042,17.0
1325,20170825052,17.0
1326,20170825062,17.0
1327,20170825072,17.0
1328,20170825082,21.0
1329,20170825092,21.0
1330,20170825102,24.0
1331,20170825112,29.0
1332,20170825122,30.0
1333,20170825132,30.0
1334,20170825142,30.0
1335,20170825152,30.0
1336,20170825162,30.0
1337,20170825172,30.0
1338,20170825182,30.0
1339,20170825192,30.0
1340,20170825202,30.0
1341,20170825212,30.0
1342,20170825222,30.0
1343,20170825232,30.0
1344,20170826002,22.0
1345,20170826012,22.0
1346,20170826022,20.0
1347,20170826032,16.0
1348,20170826042,13.0
1349,20170826052,13.0
1350,20170826062,13.0
1351,20170826072,13.0
1352,20170826082,14.0
1353,20170826092,14.0
1354,20170826102,16.0
1355,20170826112,17.0
1356,20170826122,17.0
1357,20170826132,17.0
1358,20170826142,17.0
1359,20170826152,17.0
1360,20170826162,18.0
1361,20170826172,18.0
1362,20170826182,19.0
1363,20170826192,19.0
1364,20170826202,19.0
1365,20170826212,19.0
1366,20170826222,19.0
1367,20170826232,19.0
1368,20170827002,16.0
1369,20170827012,16.0
1370,20170827022,15.0
1371,20170827032,13.0
1372,20170827042,12.0
1373,20170827052,11.0
1374,20170827062,11.0
1375,20170827072,11.0
1376,20170827082,12.0
1377,20170827092,12.0
1378,20170827102,14.0
1379,20170827112,16.0
1380,20170827122,16.0
1381,20170827132,16.0
1382,20170827142,16.0
1383,20170827152,18.0
1384,20170827162,18.0
1385,20170827172,19.0
1386,20170827182,19.0
1387,20170827192,20.0
1388,20170827202,20.0
1389,20170827212,20.0
1390,20170827222,20.0
1391,20170827232,20.0
1392,20170828002,19.0
1393,20170828012,19.0
1394,20170828022,19.0
1395,20170828032,16.0
1396,20170828042,16.0
1397,20170828052,15.0
1398,20170828062,15.0
1399,20170828072,16.0
1400,20170828082,20.0
1401,20170828092,21.0
1402,20170828102,23.0
1403,20170828112,29.0
1404,20170828122,31.0
1405,20170828132,32.0
1406,20170828142,32.0
1407,20170828152,32.0
1408,20170828162,32.0
1409,20170828172,33.0
1410,20170828182,33.0
1411,20170828192,33.0
1412,20170828202,33.0
1413,20170828212,33.0
1414,20170828222,32.0
1415,20170828232,32.0
1416,20170829002,25.0
1417,20170829012,25.0
1418,20170829022,24.0
1419,20170829032,20.0
1420,20170829042,18.0
1421,20170829052,18.0
1422,20170829062,18.0
1423,20170829072,18.0
1424,20170829082,21.0
1425,20170829092,21.0
1426,20170829102,24.0
1427,20170829112,30.0
1428,20170829122,33.0
1429,20170829132,33.0
1430,20170829142,33.0
1431,20170829152,33.0
1432,20170829162,33.0
1433,20170829172,33.0
1434,20170829182,33.0
1435,20170829192,33.0
1436,20170829202,33.0
1437,20170829212,33.0
1438,20170829222,33.0
1439,20170829232,33.0
1440,20170830002,26.0
1441,20170830012,26.0
1442,20170830022,24.0
1443,20170830032,20.0
1444,20170830042,18.0
1445,20170830052,17.0
1446,20170830062,17.0
1447,20170830072,17.0
1448,20170830082,21.0
1449,20170830092,21.0
1450,20170830102,25.0
1451,20170830112,30.0
1452,20170830122,32.0
1453,20170830132,33.0
1454,20170830142,33.0
1455,20170830152,33.0
1456,20170830162,33.0
1457,20170830172,33.0
1458,20170830182,33.0
1459,20170830192,33.0
1460,20170830202,33.0
1461,20170830212,33.0
1462,20170830222,33.0
1463,20170830232,33.0
1464,20170831002,27.0
1465,20170831012,27.0
1466,20170831022,25.0
1467,20170831032,20.0
1468,20170831042,17.0
1469,20170831052,17.0
1470,20170831062,17.0
1471,20170831072,17.0
1472,20170831082,21.0
1473,20170831092,21.0
1474,20170831102,25.0
1475,20170831112,30.0
1476,20170831122,32.0
1477,20170831132,32.0
1478,20170831142,32.0
1479,20170831152,32.0
1480,20170831162,32.0
1481,20170831172,32.0
1482,20170831182,32.0
1483,20170831192,32.0
1484,20170831202,32.0
1485,20170831212,32.0
1486,20170831222,32.0
1487,20170831232,32.0
1488,20170901002,26.0
1489,20170901012,26.0
1490,20170901022,24.0
1491,20170901032,20.0
1492,20170901042,17.0
1493,20170901052,17.0
1494,20170901062,17.0
1495,20170901072,17.0
1496,20170901082,21.0
1497,20170901092,21.0
1498,20170901102,24.0
1499,20170901112,29.0
1500,20170901122,29.0
1501,20170901132,30.0
1502,20170901142,30.0
1503,20170901152,30.0
1504,20170901162,30.0
1505,20170901172,30.0
1506,20170901182,30.0
1507,20170901192,30.0
1508,20170901202,30.0
1509,20170901212,30.0
1510,20170901222,30.0
1511,20170901232,30.0
1512,20170902002,21.0
1513,20170902012,21.0
1514,20170902022,20.0
1515,20170902032,16.0
1516,20170902042,14.0
1517,20170902052,13.0
1518,20170902062,13.0
1519,20170902072,13.0
1520,20170902082,15.0
1521,20170902092,15.0
1522,20170902102,16.0
1523,20170902112,17.0
1524,20170902122,17.0
1525,20170902132,17.0
1526,20170902142,17.0
1527,20170902152,17.0
1528,20170902162,17.0
1529,20170902172,18.0
1530,20170902182,19.0
1531,20170902192,19.0
1532,20170902202,19.0
1533,20170902212,19.0
1534,20170902222,19.0
1535,20170902232,19.0
1536,20170903002,15.0
1537,20170903012,15.0
1538,20170903022,15.0
1539,20170903032,13.0
1540,20170903042,12.0
1541,20170903052,12.0
1542,20170903062,12.0
1543,20170903072,12.0
1544,20170903082,12.0
1545,20170903092,13.0
1546,20170903102,15.0
1547,20170903112,16.0
1548,20170903122,16.0
1549,20170903132,16.0
1550,20170903142,16.0
1551,20170903152,17.0
1552,20170903162,18.0
1553,20170903172,18.0
1554,20170903182,19.0
1555,20170903192,19.0
1556,20170903202,19.0
1557,20170903212,19.0
1558,20170903222,20.0
1559,20170903232,20.0
1560,20170904002,19.0
1561,20170904012,19.0
1562,20170904022,19.0
1563,20170904032,16.0
1564,20170904042,16.0
1565,20170904052,15.0
1566,20170904062,15.0
1567,20170904072,16.0
1568,20170904082,20.0
1569,20170904092,21.0
1570,20170904102,23.0
1571,20170904112,29.0
1572,20170904122,31.0
1573,20170904132,32.0
1574,20170904142,32.0
1575,20170904152,32.0
1576,20170904162,32.0
1577,20170904172,33.0
1578,20170904182,33.0
1579,20170904192,33.0
1580,20170904202,33.0
1581,20170904212,33.0
1582,20170904222,33.0
1583,20170904232,33.0
1584,20170905002,25.0
1585,20170905012,25.0
1586,20170905022,24.0
1587,20170905032,20.0
1588,20170905042,18.0
1589,20170905052,18.0
1590,20170905062,18.0
1591,20170905072,18.0
1592,20170905082,21.0
1593,20170905092,21.0
1594,20170905102,24.0
1595,20170905112,30.0
1596,20170905122,33.0
1597,20170905132,33.0
1598,20170905142,33.0
1599,20170905152,33.0
1600,20170905162,33.0
1601,20170905172,33.0
1602,20170905182,33.0
1603,20170905192,33.0
1604,20170905202,33.0
1605,20170905212,33.0
1606,20170905222,33.0
1607,20170905232,33.0
1608,20170906002,25.0
1609,20170906012,25.0
1610,20170906022,24.0
1611,20170906032,20.0
1612,20170906042,18.0
1613,20170906052,17.0
1614,20170906062,18.0
1615,20170906072,18.0
1616,20170906082,21.0
1617,20170906092,21.0
1618,20170906102,25.0
1619,20170906112,30.0
1620,20170906122,32.0
1621,20170906132,33.0
1622,20170906142,33.0
1623,20170906152,33.0
1624,20170906162,33.0
1625,20170906172,33.0
1626,20170906182,33.0
1627,20170906192,33.0
1628,20170906202,33.0
1629,20170906212,33.0
1630,20170906222,33.0
1631,20170906232,33.0
1632,20170907002,25.0
1633,20170907012,25.0
1634,20170907022,24.0
1635,20170907032,20.0
1636,20170907042,17.0
1637,20170907052,17.0
1638,20170907062,17.0
1639,20170907072,17.0
1640,20170907082,21.0
1641,20170907092,21.0
1642,20170907102,25.0
1643,20170907112,30.0
1644,20170907122,32.0
1645,20170907132,33.0
1646,20170907142,33.0
1647,20170907152,33.0
1648,20170907162,33.0
1649,20170907172,33.0
1650,20170907182,33.0
1651,20170907192,33.0
1652,20170907202,33.0
1653,20170907212,33.0
1654,20170907222,33.0
1655,20170907232,33.0
1656,20170908002,25.0
1657,20170908012,25.0
1658,20170908022,24.0
1659,20170908032,20.0
1660,20170908042,17.0
1661,20170908052,17.0
1662,20170908062,17.0
1663,20170908072,17.0
1664,20170908082,21.0
1665,20170908092,21.0
1666,20170908102,24.0
1667,20170908112,29.0
1668,20170908122,30.0
1669,20170908132,30.0
1670,20170908142,30.0
1671,20170908152,30.0
1672,20170908162,30.0
1673,20170908172,30.0
1674,20170908182,30.0
1675,20170908192,30.0
1676,20170908202,30.0
1677,20170908212,30.0
1678,20170908222,30.0
1679,20170908232,30.0
1680,20170909002,20.0
1681,20170909012,20.0
1682,20170909022,20.0
1683,20170909032,16.0
1684,20170909042,13.0
1685,20170909052,13.0
1686,20170909062,13.0
1687,20170909072,13.0
1688,20170909082,14.0
1689,20170909092,14.0
1690,20170909102,16.0
1691,20170909112,17.0
1692,20170909122,17.0
1693,20170909132,17.0
1694,20170909142,17.0
1695,20170909152,17.0
1696,20170909162,17.0
1697,20170909172,18.0
1698,20170909182,18.0
1699,20170909192,18.0
1700,20170909202,18.0
1701,20170909212,18.0
1702,20170909222,18.0
1703,20170909232,18.0
1704,20170910002,15.0
1705,20170910012,15.0
1706,20170910022,15.0
1707,20170910032,13.0
1708,20170910042,12.0
1709,20170910052,11.0
1710,20170910062,11.0
1711,20170910072,11.0
1712,20170910082,12.0
1713,20170910092,12.0
1714,20170910102,15.0
1715,20170910112,16.0
1716,20170910122,16.0
1717,20170910132,16.0
1718,20170910142,16.0
1719,20170910152,17.0
1720,20170910162,18.0
1721,20170910172,18.0
1722,20170910182,19.0
1723,20170910192,20.0
1724,20170910202,20.0
1725,20170910212,20.0
1726,20170910222,20.0
1727,20170910232,20.0
1728,20170911002,19.0
1729,20170911012,19.0
1730,20170911022,19.0
1731,20170911032,16.0
1732,20170911042,16.0
1733,20170911052,15.0
1734,20170911062,15.0
1735,20170911072,16.0
1736,20170911082,20.0
1737,20170911092,21.0
1738,20170911102,23.0
1739,20170911112,29.0
1740,20170911122,31.0
1741,20170911132,32.0
1742,20170911142,32.0
1743,20170911152,32.0
1744,20170911162,32.0
1745,20170911172,33.0
1746,20170911182,33.0
1747,20170911192,33.0
1748,20170911202,33.0
1749,20170911212,33.0
1750,20170911222,33.0
1751,20170911232,33.0
1752,20170912002,25.0
1753,20170912012,25.0
1754,20170912022,24.0
1755,20170912032,20.0
1756,20170912042,18.0
1757,20170912052,18.0
1758,20170912062,18.0
1759,20170912072,18.0
1760,20170912082,21.0
1761,20170912092,21.0
1762,20170912102,24.0
1763,20170912112,30.0
1764,20170912122,33.0
1765,20170912132,33.0
1766,20170912142,33.0
1767,20170912152,33.0
1768,20170912162,33.0
1769,20170912172,33.0
1770,20170912182,33.0
1771,20170912192,33.0
1772,20170912202,33.0
1773,20170912212,33.0
1774,20170912222,33.0
1775,20170912232,33.0
1776,20170913002,25.0
1777,20170913012,25.0
1778,20170913022,24.0
1779,20170913032,20.0
1780,20170913042,18.0
1781,20170913052,17.0
1782,20170913062,18.0
1783,20170913072,18.0
1784,20170913082,21.0
1785,20170913092,21.0
1786,20170913102,25.0
1787,20170913112,30.0
1788,20170913122,32.0
1789,20170913132,33.0
1790,20170913142,33.0
1791,20170913152,33.0
1792,20170913162,33.0
1793,20170913172,33.0
1794,20170913182,33.0
1795,20170913192,33.0
1796,20170913202,33.0
1797,20170913212,33.0
1798,20170913222,33.0
1799,20170913232,33.0
1800,20170914002,25.0
1801,20170914012,25.0
1802,20170914022,24.0
1803,20170914032,20.0
1804,20170914042,17.0
1805,20170914052,17.0
1806,20170914062,17.0
1807,20170914072,17.0
1808,20170914082,21.0
1809,20170914092,21.0
1810,20170914102,25.0
1811,20170914112,30.0
1812,20170914122,32.0
1813,20170914132,33.0
1814,20170914142,33.0
1815,20170914152,33.0
1816,20170914162,33.0
1817,20170914172,33.0
1818,20170914182,33.0
1819,20170914192,33.0
1820,20170914202,33.0
1821,20170914212,33.0
1822,20170914222,33.0
1823,20170914232,33.0
1824,20170915002,25.0
1825,20170915012,25.0
1826,20170915022,24.0
1827,20170915032,20.0
1828,20170915042,17.0
1829,20170915052,17.0
1830,20170915062,17.0
1831,20170915072,17.0
1832,20170915082,21.0
1833,20170915092,21.0
1834,20170915102,24.0
1835,20170915112,29.0
1836,20170915122,30.0
1837,20170915132,30.0
1838,20170915142,30.0
1839,20170915152,30.0
1840,20170915162,30.0
1841,20170915172,30.0
1842,20170915182,30.0
1843,20170915192,30.0
1844,20170915202,30.0
1845,20170915212,30.0
1846,20170915222,30.0
1847,20170915232,30.0
1848,20170916002,20.0
1849,20170916012,20.0
1850,20170916022,20.0
1851,20170916032,16.0
1852,20170916042,13.0
1853,20170916052,13.0
1854,20170916062,13.0
1855,20170916072,13.0
1856,20170916082,14.0
1857,20170916092,14.0
1858,20170916102,16.0
1859,20170916112,17.0
1860,20170916122,17.0
1861,20170916132,17.0
1862,20170916142,17.0
1863,20170916152,17.0
1864,20170916162,17.0
1865,20170916172,18.0
1866,20170916182,19.0
1867,20170916192,19.0
1868,20170916202,19.0
1869,20170916212,19.0
1870,20170916222,19.0
1871,20170916232,19.0
1872,20170917002,15.0
1873,20170917012,15.0
1874,20170917022,15.0
1875,20170917032,13.0
1876,20170917042,12.0
1877,20170917052,11.0
1878,20170917062,11.0
1879,20170917072,11.0
1880,20170917082,12.0
1881,20170917092,12.0
1882,20170917102,14.0
1883,20170917112,16.0
1884,20170917122,16.0
1885,20170917132,16.0
1886,20170917142,16.0
1887,20170917152,17.0
1888,20170917162,18.0
1889,20170917172,18.0
1890,20170917182,19.0
1891,20170917192,19.0
1892,20170917202,20.0
1893,20170917212,20.0
1894,20170917222,20.0
1895,20170917232,20.0
1896,20170918002,19.0
1897,20170918012,19.0
1898,20170918022,19.0
1899,20170918032,16.0
1900,20170918042,16.0
1901,20170918052,15.0
1902,20170918062,15.0
1903,20170918072,16.0
1904,20170918082,20.0
1905,20170918092,21.0
1906,20170918102,23.0
1907,20170918112,29.0
1908,20170918122,32.0
1909,20170918132,32.0
1910,20170918142,32.0
1911,20170918152,32.0
1912,20170918162,32.0
1913,20170918172,32.0
1914,20170918182,33.0
1915,20170918192,33.0
1916,20170918202,33.0
1917,20170918212,33.0
1918,20170918222,32.0
1919,20170918232,32.0
1920,20170919002,25.0
1921,20170919012,25.0
1922,20170919022,24.0
1923,20170919032,20.0
1924,20170919042,18.0
1925,20170919052,18.0
1926,20170919062,18.0
1927,20170919072,18.0
1928,20170919082,21.0
1929,20170919092,21.0
1930,20170919102,24.0
1931,20170919112,30.0
1932,20170919122,33.0
1933,20170919132,33.0
1934,20170919142,33.0
1935,20170919152,33.0
1936,20170919162,33.0
1937,20170919172,33.0
1938,20170919182,33.0
1939,20170919192,33.0
1940,20170919202,33.0
1941,20170919212,33.0
1942,20170919222,33.0
1943,20170919232,33.0
1944,20170920002,26.0
1945,20170920012,26.0
1946,20170920022,24.0
1947,20170920032,20.0
1948,20170920042,18.0
1949,20170920052,17.0
1950,20170920062,17.0
1951,20170920072,18.0
1952,20170920082,21.0
1953,20170920092,21.0
1954,20170920102,25.0
1955,20170920112,30.0
1956,20170920122,32.0
1957,20170920132,33.0
1958,20170920142,33.0
1959,20170920152,33.0
1960,20170920162,33.0
1961,20170920172,33.0
1962,20170920182,33.0
1963,20170920192,33.0
1964,20170920202,33.0
1965,20170920212,33.0
1966,20170920222,33.0
1967,20170920232,33.0
1968,20170921002,27.0
1969,20170921012,27.0
1970,20170921022,24.0
1971,20170921032,20.0
1972,20170921042,17.0
1973,20170921052,17.0
1974,20170921062,17.0
1975,20170921072,17.0
1976,20170921082,21.0
1977,20170921092,21.0
1978,20170921102,25.0
1979,20170921112,30.0
1980,20170921122,32.0
1981,20170921132,33.0
1982,20170921142,33.0
1983,20170921152,33.0
1984,20170921162,33.0
1985,20170921172,33.0
1986,20170921182,33.0
1987,20170921192,33.0
1988,20170921202,33.0
1989,20170921212,33.0
1990,20170921222,33.0
1991,20170921232,33.0
1992,20170922002,27.0
1993,20170922012,27.0
1994,20170922022,24.0
1995,20170922032,20.0
1996,20170922042,17.0
1997,20170922052,17.0
1998,20170922062,17.0
1999,20170922072,17.0
2000,20170922082,21.0
2001,20170922092,21.0
2002,20170922102,24.0
2003,20170922112,29.0
2004,20170922122,30.0
2005,20170922132,30.0
2006,20170922142,30.0
2007,20170922152,30.0
2008,20170922162,30.0
2009,20170922172,30.0
2010,20170922182,30.0
2011,20170922192,30.0
2012,20170922202,30.0
2013,20170922212,30.0
2014,20170922222,30.0
2015,20170922232,30.0
2016,20170923002,22.0
2017,20170923012,22.0
2018,20170923022,20.0
2019,20170923032,16.0
2020,20170923042,13.0
2021,20170923052,13.0
2022,20170923062,13.0
2023,20170923072,13.0
2024,20170923082,14.0
2025,20170923092,14.0
2026,20170923102,16.0
2027,20170923112,17.0
2028,20170923122,17.0
2029,20170923132,17.0
2030,20170923142,17.0
2031,20170923152,17.0
2032,20170923162,17.0
2033,20170923172,18.0
2034,20170923182,19.0
2035,20170923192,19.0
2036,20170923202,19.0
2037,20170923212,19.0
2038,20170923222,19.0
2039,20170923232,19.0
2040,20170924002,16.0
2041,20170924012,16.0
2042,20170924022,15.0
2043,20170924032,13.0
2044,20170924042,12.0
2045,20170924052,11.0
2046,20170924062,11.0
2047,20170924072,11.0
2048,20170924082,12.0
2049,20170924092,12.0
2050,20170924102,14.0
2051,20170924112,16.0
2052,20170924122,16.0
2053,20170924132,16.0
2054,20170924142,16.0
2055,20170924152,18.0
2056,20170924162,18.0
2057,20170924172,19.0
2058,20170924182,19.0
2059,20170924192,20.0
2060,20170924202,20.0
2061,20170924212,20.0
2062,20170924222,20.0
2063,20170924232,20.0
2064,20170925002,19.0
2065,20170925012,19.0
2066,20170925022,19.0
2067,20170925032,16.0
2068,20170925042,16.0
2069,20170925052,15.0
2070,20170925062,15.0
2071,20170925072,16.0
2072,20170925082,20.0
2073,20170925092,21.0
2074,20170925102,23.0
2075,20170925112,29.0
2076,20170925122,31.0
2077,20170925132,32.0
2078,20170925142,32.0
2079,20170925152,32.0
2080,20170925162,32.0
2081,20170925172,32.0
2082,20170925182,32.0
2083,20170925192,32.0
2084,20170925202,32.0
2085,20170925212,32.0
2086,20170925222,32.0
2087,20170925232,32.0
2088,20170926002,25.0
2089,20170926012,25.0
2090,20170926022,24.0
2091,20170926032,20.0
2092,20170926042,18.0
2093,20170926052,18.0
2094,20170926062,18.0
2095,20170926072,18.0
2096,20170926082,21.0
2097,20170926092,21.0
2098,20170926102,24.0
2099,20170926112,30.0
2100,20170926122,33.0
2101,20170926132,33.0
2102,20170926142,33.0
2103,20170926152,33.0
2104,20170926162,33.0
2105,20170926172,33.0
2106,20170926182,33.0
2107,20170926192,33.0
2108,20170926202,33.0
2109,20170926212,33.0
2110,20170926222,33.0
2111,20170926232,33.0
2112,20170927002,26.0
2113,20170927012,26.0
2114,20170927022,24.0
2115,20170927032,20.0
2116,20170927042,18.0
2117,20170927052,17.0
2118,20170927062,17.0
2119,20170927072,17.0
2120,20170927082,21.0
2121,20170927092,21.0
2122,20170927102,25.0
2123,20170927112,30.0
2124,20170927122,32.0
2125,20170927132,33.0
2126,20170927142,33.0
2127,20170927152,33.0
2128,20170927162,33.0
2129,20170927172,33.0
2130,20170927182,33.0
2131,20170927192,33.0
2132,20170927202,33.0
2133,20170927212,33.0
2134,20170927222,33.0
2135,20170927232,33.0
2136,20170928002,27.0
2137,20170928012,27.0
2138,20170928022,24.0
2139,20170928032,20.0
2140,20170928042,17.0
2141,20170928052,17.0
2142,20170928062,17.0
2143,20170928072,17.0
2144,20170928082,21.0
2145,20170928092,21.0
2146,20170928102,25.0
2147,20170928112,30.0
2148,20170928122,32.0
2149,20170928132,32.0
2150,20170928142,32.0
2151,20170928152,32.0
2152,20170928162,33.0
2153,20170928172,33.0
2154,20170928182,33.0
2155,20170928192,33.0
2156,20170928202,33.0
2157,20170928212,33.0
2158,20170928222,33.0
2159,20170928232,33.0
2160,20170929002,27.0
2161,20170929012,27.0
2162,20170929022,24.0
2163,20170929032,20.0
2164,20170929042,17.0
2165,20170929052,17.0
2166,20170929062,17.0
2167,20170929072,17.0
2168,20170929082,21.0
2169,20170929092,21.0
2170,20170929102,24.0
2171,20170929112,29.0
2172,20170929122,30.0
2173,20170929132,30.0
2174,20170929142,30.0
2175,20170929152,30.0
2176,20170929162,30.0
2177,20170929172,30.0
2178,20170929182,30.0
2179,20170929192,30.0
2180,20170929202,30.0
2181,20170929212,30.0
2182,20170929222,30.0
2183,20170929232,30.0
2184,20170930002,22.0
2185,20170930012,22.0
2186,20170930022,20.0
2187,20170930032,16.0
2188,20170930042,13.0
2189,20170930052,13.0
2190,20170930062,13.0
2191,20170930072,13.0
2192,20170930082,14.0
2193,20170930092,14.0
2194,20170930102,16.0
2195,20170930112,17.0
2196,20170930122,17.0
2197,20170930132,17.0
2198,20170930142,17.0
2199,20170930152,17.0
2200,20170930162,17.0
2201,20170930172,18.0
2202,20170930182,19.0
2203,20170930192,19.0
2204,20170930202,19.0
2205,20170930212,19.0
2206,20170930222,19.0
2207,20170930232,19.0
2208,20171001002,16.0
2209,20171001012,16.0
2210,20171001022,15.0
2211,20171001032,13.0
2212,20171001042,12.0
2213,20171001052,12.0
2214,20171001062,12.0
2215,20171001072,12.0
2216,20171001082,12.0
2217,20171001092,13.0
2218,20171001102,15.0
2219,20171001112,16.0
2220,20171001122,16.0
2221,20171001132,16.0
2222,20171001142,16.0
2223,20171001152,17.0
2224,20171001162,18.0
2225,20171001172,18.0
2226,20171001182,19.0
2227,20171001192,20.0
2228,20171001202,20.0
2229,20171001212,20.0
2230,20171001222,20.0
2231,20171001232,20.0
2232,20171002002,19.0
2233,20171002012,19.0
2234,20171002022,19.0
2235,20171002032,16.0
2236,20171002042,16.0
2237,20171002052,15.0
2238,20171002062,15.0
2239,20171002072,16.0
2240,20171002082,20.0
2241,20171002092,21.0
2242,20171002102,23.0
2243,20171002112,29.0
2244,20171002122,31.0
2245,20171002132,32.0
2246,20171002142,32.0
2247,20171002152,32.0
2248,20171002162,32.0
2249,20171002172,32.0
2250,20171002182,32.0
2251,20171002192,32.0
2252,20171002202,32.0
2253,20171002212,32.0
2254,20171002222,32.0
2255,20171002232,32.0
2256,20171003002,25.0
2257,20171003012,25.0
2258,20171003022,25.0
2259,20171003032,20.0
2260,20171003042,18.0
2261,20171003052,18.0
2262,20171003062,18.0
2263,20171003072,18.0
2264,20171003082,21.0
2265,20171003092,21.0
2266,20171003102,24.0
2267,20171003112,30.0
2268,20171003122,33.0
2269,20171003132,33.0
2270,20171003142,33.0
2271,20171003152,33.0
2272,20171003162,33.0
2273,20171003172,33.0
2274,20171003182,33.0
2275,20171003192,33.0
2276,20171003202,33.0
2277,20171003212,33.0
2278,20171003222,33.0
2279,20171003232,33.0
2280,20171004002,25.0
2281,20171004012,25.0
2282,20171004022,24.0
2283,20171004032,20.0
2284,20171004042,18.0
2285,20171004052,17.0
2286,20171004062,18.0
2287,20171004072,18.0
2288,20171004082,21.0
2289,20171004092,21.0
2290,20171004102,25.0
2291,20171004112,30.0
2292,20171004122,32.0
2293,20171004132,33.0
2294,20171004142,33.0
2295,20171004152,33.0
2296,20171004162,33.0
2297,20171004172,33.0
2298,20171004182,33.0
2299,20171004192,33.0
2300,20171004202,33.0
2301,20171004212,33.0
2302,20171004222,33.0
2303,20171004232,33.0
2304,20171005002,25.0
2305,20171005012,25.0
2306,20171005022,24.0
2307,20171005032,20.0
2308,20171005042,17.0
2309,20171005052,17.0
2310,20171005062,17.0
2311,20171005072,17.0
2312,20171005082,21.0
2313,20171005092,21.0
2314,20171005102,25.0
2315,20171005112,30.0
2316,20171005122,32.0
2317,20171005132,33.0
2318,20171005142,33.0
2319,20171005152,33.0
2320,20171005162,33.0
2321,20171005172,33.0
2322,20171005182,33.0
2323,20171005192,33.0
2324,20171005202,33.0
2325,20171005212,33.0
2326,20171005222,33.0
2327,20171005232,33.0
2328,20171006002,25.0
2329,20171006012,25.0
2330,20171006022,24.0
2331,20171006032,20.0
2332,20171006042,17.0
2333,20171006052,17.0
2334,20171006062,17.0
2335,20171006072,17.0
2336,20171006082,21.0
2337,20171006092,21.0
2338,20171006102,24.0
2339,20171006112,29.0
2340,20171006122,30.0
2341,20171006132,30.0
2342,20171006142,30.0
2343,20171006152,30.0
2344,20171006162,30.0
2345,20171006172,30.0
2346,20171006182,30.0
2347,20171006192,30.0
2348,20171006202,30.0
2349,20171006212,30.0
2350,20171006222,30.0
2351,20171006232,30.0
2352,20171007002,20.0
2353,20171007012,20.0
2354,20171007022,20.0
2355,20171007032,16.0
2356,20171007042,13.0
2357,20171007052,13.0
2358,20171007062,13.0
2359,20171007072,13.0
2360,20171007082,14.0
2361,20171007092,14.0
2362,20171007102,16.0
2363,20171007112,17.0
2364,20171007122,16.0
2365,20171007132,16.0
2366,20171007142,16.0
2367,20171007152,17.0
2368,20171007162,17.0
2369,20171007172,17.0
2370,20171007182,18.0
2371,20171007192,18.0
2372,20171007202,18.0
2373,20171007212,18.0
2374,20171007222,18.0
2375,20171007232,18.0
2376,20171008002,15.0
2377,20171008012,15.0
2378,20171008022,15.0
2379,20171008032,13.0
2380,20171008042,12.0
2381,20171008052,11.0
2382,20171008062,11.0
2383,20171008072,11.0
2384,20171008082,12.0
2385,20171008092,12.0
2386,20171008102,15.0
2387,20171008112,15.0
2388,20171008122,16.0
2389,20171008132,16.0
2390,20171008142,16.0
2391,20171008152,17.0
2392,20171008162,18.0
2393,20171008172,18.0
2394,20171008182,19.0
2395,20171008192,20.0
2396,20171008202,20.0
2397,20171008212,20.0
2398,20171008222,20.0
2399,20171008232,20.0
2400,20171009002,19.0
2401,20171009012,19.0
2402,20171009022,19.0
2403,20171009032,16.0
2404,20171009042,16.0
2405,20171009052,15.0
2406,20171009062,15.0
2407,20171009072,16.0
2408,20171009082,20.0
2409,20171009092,21.0
2410,20171009102,23.0
2411,20171009112,29.0
2412,20171009122,31.0
2413,20171009132,32.0
2414,20171009142,32.0
2415,20171009152,32.0
2416,20171009162,32.0
2417,20171009172,32.0
2418,20171009182,32.0
2419,20171009192,33.0
2420,20171009202,33.0
2421,20171009212,33.0
2422,20171009222,32.0
2423,20171009232,32.0
2424,20171010002,25.0
2425,20171010012,25.0
2426,20171010022,24.0
2427,20171010032,20.0
2428,20171010042,18.0
2429,20171010052,18.0
2430,20171010062,18.0
2431,20171010072,18.0
2432,20171010082,21.0
2433,20171010092,21.0
2434,20171010102,24.0
2435,20171010112,30.0
2436,20171010122,33.0
2437,20171010132,33.0
2438,20171010142,33.0
2439,20171010152,33.0
2440,20171010162,33.0
2441,20171010172,33.0
2442,20171010182,33.0
2443,20171010192,33.0
2444,20171010202,33.0
2445,20171010212,33.0
2446,20171010222,33.0
2447,20171010232,33.0
2448,20171011002,25.0
2449,20171011012,25.0
2450,20171011022,24.0
2451,20171011032,20.0
2452,20171011042,18.0
2453,20171011052,17.0
2454,20171011062,18.0
2455,20171011072,18.0
2456,20171011082,21.0
2457,20171011092,21.0
2458,20171011102,25.0
2459,20171011112,30.0
2460,20171011122,32.0
2461,20171011132,33.0
2462,20171011142,33.0
2463,20171011152,33.0
2464,20171011162,33.0
2465,20171011172,33.0
2466,20171011182,33.0
2467,20171011192,33.0
2468,20171011202,33.0
2469,20171011212,33.0
2470,20171011222,33.0
2471,20171011232,33.0
2472,20171012002,25.0
2473,20171012012,25.0
2474,20171012022,24.0
2475,20171012032,20.0
2476,20171012042,17.0
2477,20171012052,17.0
2478,20171012062,17.0
2479,20171012072,17.0
2480,20171012082,21.0
2481,20171012092,21.0
2482,20171012102,25.0
2483,20171012112,30.0
2484,20171012122,32.0
2485,20171012132,33.0
2486,20171012142,33.0
2487,20171012152,33.0
2488,20171012162,33.0
2489,20171012172,33.0
2490,20171012182,33.0
2491,20171012192,33.0
2492,20171012202,33.0
2493,20171012212,33.0
2494,20171012222,33.0
2495,20171012232,33.0
2496,20171013002,25.0
2497,20171013012,25.0
2498,20171013022,24.0
2499,20171013032,20.0
2500,20171013042,17.0
2501,20171013052,17.0
2502,20171013062,17.0
2503,20171013072,17.0
2504,20171013082,21.0
2505,20171013092,21.0
2506,20171013102,24.0
2507,20171013112,29.0
2508,20171013122,30.0
2509,20171013132,30.0
2510,20171013142,30.0
2511,20171013152,30.0
2512,20171013162,30.0
2513,20171013172,30.0
2514,20171013182,30.0
2515,20171013192,30.0
2516,20171013202,30.0
2517,20171013212,30.0
2518,20171013222,30.0
2519,20171013232,30.0
2520,20171014002,20.0
2521,20171014012,20.0
2522,20171014022,20.0
2523,20171014032,16.0
2524,20171014042,13.0
2525,20171014052,13.0
2526,20171014062,13.0
2527,20171014072,13.0
2528,20171014082,14.0
2529,20171014092,14.0
2530,20171014102,16.0
2531,20171014112,17.0
2532,20171014122,17.0
2533,20171014132,16.0
2534,20171014142,17.0
2535,20171014152,17.0
2536,20171014162,17.0
2537,20171014172,17.0
2538,20171014182,18.0
2539,20171014192,18.0
2540,20171014202,18.0
2541,20171014212,18.0
2542,20171014222,18.0
2543,20171014232,18.0
2544,20171015002,15.0
2545,20171015012,15.0
2546,20171015022,15.0
2547,20171015032,13.0
2548,20171015042,12.0
2549,20171015052,11.0
2550,20171015062,11.0
2551,20171015072,11.0
2552,20171015082,12.0
2553,20171015092,12.0
2554,20171015102,14.0
2555,20171015112,15.0
2556,20171015122,15.0
2557,20171015132,15.0
2558,20171015142,16.0
2559,20171015152,17.0
2560,20171015162,18.0
2561,20171015172,18.0
2562,20171015182,19.0
2563,20171015192,20.0
2564,20171015202,20.0
2565,20171015212,20.0
2566,20171015222,20.0
2567,20171015232,20.0
2568,20171016002,19.0
2569,20171016012,19.0
2570,20171016022,19.0
2571,20171016032,16.0
2572,20171016042,16.0
2573,20171016052,15.0
2574,20171016062,15.0
2575,20171016072,16.0
2576,20171016082,20.0
2577,20171016092,21.0
2578,20171016102,23.0
2579,20171016112,29.0
2580,20171016122,31.0
2581,20171016132,32.0
2582,20171016142,32.0
2583,20171016152,32.0
2584,20171016162,32.0
2585,20171016172,32.0
2586,20171016182,33.0
2587,20171016192,33.0
2588,20171016202,33.0
2589,20171016212,33.0
2590,20171016222,32.0
2591,20171016232,32.0
2592,20171017002,25.0
2593,20171017012,25.0
2594,20171017022,24.0
2595,20171017032,20.0
2596,20171017042,18.0
2597,20171017052,18.0
2598,20171017062,18.0
2599,20171017072,18.0
2600,20171017082,21.0
2601,20171017092,21.0
2602,20171017102,24.0
2603,20171017112,30.0
2604,20171017122,33.0
2605,20171017132,33.0
2606,20171017142,33.0
2607,20171017152,33.0
2608,20171017162,33.0
2609,20171017172,33.0
2610,20171017182,33.0
2611,20171017192,33.0
2612,20171017202,33.0
2613,20171017212,33.0
2614,20171017222,33.0
2615,20171017232,33.0
2616,20171018002,26.0
2617,20171018012,26.0
2618,20171018022,24.0
2619,20171018032,20.0
2620,20171018042,18.0
2621,20171018052,17.0
2622,20171018062,17.0
2623,20171018072,18.0
2624,20171018082,21.0
2625,20171018092,21.0
2626,20171018102,25.0
2627,20171018112,30.0
2628,20171018122,32.0
2629,20171018132,33.0
2630,20171018142,33.0
2631,20171018152,33.0
2632,20171018162,33.0
2633,20171018172,33.0
2634,20171018182,33.0
2635,20171018192,33.0
2636,20171018202,33.0
2637,20171018212,33.0
2638,20171018222,33.0
2639,20171018232,33.0
2640,20171019002,27.0
2641,20171019012,27.0
2642,20171019022,24.0
2643,20171019032,20.0
2644,20171019042,17.0
2645,20171019052,17.0
2646,20171019062,17.0
2647,20171019072,17.0
2648,20171019082,21.0
2649,20171019092,21.0
2650,20171019102,25.0
2651,20171019112,30.0
2652,20171019122,32.0
2653,20171019132,33.0
2654,20171019142,33.0
2655,20171019152,33.0
2656,20171019162,33.0
2657,20171019172,33.0
2658,20171019182,33.0
2659,20171019192,33.0
2660,20171019202,33.0
2661,20171019212,33.0
2662,20171019222,33.0
2663,20171019232,33.0
2664,20171020002,27.0
2665,20171020012,27.0
2666,20171020022,24.0
2667,20171020032,20.0
2668,20171020042,17.0
2669,20171020052,17.0
2670,20171020062,17.0
2671,20171020072,17.0
2672,20171020082,21.0
2673,20171020092,21.0
2674,20171020102,24.0
2675,20171020112,29.0
2676,20171020122,30.0
2677,20171020132,30.0
2678,20171020142,30.0
2679,20171020152,30.0
2680,20171020162,30.0
2681,20171020172,30.0
2682,20171020182,30.0
2683,20171020192,30.0
2684,20171020202,30.0
2685,20171020212,30.0
2686,20171020222,30.0
2687,20171020232,30.0
2688,20171021002,22.0
2689,20171021012,22.0
2690,20171021022,20.0
2691,20171021032,16.0
2692,20171021042,13.0
2693,20171021052,13.0
2694,20171021062,13.0
2695,20171021072,13.0
2696,20171021082,14.0
2697,20171021092,14.0
2698,20171021102,16.0
2699,20171021112,17.0
2700,20171021122,17.0
2701,20171021132,17.0
2702,20171021142,17.0
2703,20171021152,17.0
2704,20171021162,17.0
2705,20171021172,18.0
2706,20171021182,19.0
2707,20171021192,19.0
2708,20171021202,19.0
2709,20171021212,19.0
2710,20171021222,19.0
2711,20171021232,19.0
2712,20171022002,16.0
2713,20171022012,16.0
2714,20171022022,15.0
2715,20171022032,13.0
2716,20171022042,12.0
2717,20171022052,11.0
2718,20171022062,11.0
2719,20171022072,11.0
2720,20171022082,12.0
2721,20171022092,12.0
2722,20171022102,14.0
2723,20171022112,16.0
2724,20171022122,16.0
2725,20171022132,16.0
2726,20171022142,16.0
2727,20171022152,18.0
2728,20171022162,18.0
2729,20171022172,19.0
2730,20171022182,19.0
2731,20171022192,20.0
2732,20171022202,20.0
2733,20171022212,20.0
2734,20171022222,20.0
2735,20171022232,20.0
2736,20171023002,19.0
2737,20171023012,19.0
2738,20171023022,19.0
2739,20171023032,16.0
2740,20171023042,16.0
2741,20171023052,15.0
2742,20171023062,15.0
2743,20171023072,16.0
2744,20171023082,20.0
2745,20171023092,21.0
2746,20171023102,23.0
2747,20171023112,29.0
2748,20171023122,31.0
2749,20171023132,32.0
2750,20171023142,32.0
2751,20171023152,32.0
2752,20171023162,32.0
2753,20171023172,32.0
2754,20171023182,32.0
2755,20171023192,32.0
2756,20171023202,32.0
2757,20171023212,32.0
2758,20171023222,32.0
2759,20171023232,32.0
2760,20171024002,25.0
2761,20171024012,25.0
2762,20171024022,24.0
2763,20171024032,20.0
2764,20171024042,18.0
2765,20171024052,18.0
2766,20171024062,18.0
2767,20171024072,18.0
2768,20171024082,21.0
2769,20171024092,21.0
2770,20171024102,24.0
2771,20171024112,30.0
2772,20171024122,33.0
2773,20171024132,33.0
2774,20171024142,33.0
2775,20171024152,33.0
2776,20171024162,33.0
2777,20171024172,33.0
2778,20171024182,33.0
2779,20171024192,33.0
2780,20171024202,33.0
2781,20171024212,33.0
2782,20171024222,33.0
2783,20171024232,33.0
2784,20171025002,26.0
2785,20171025012,26.0
2786,20171025022,24.0
2787,20171025032,20.0
2788,20171025042,18.0
2789,20171025052,17.0
2790,20171025062,17.0
2791,20171025072,17.0
2792,20171025082,21.0
2793,20171025092,21.0
2794,20171025102,25.0
2795,20171025112,30.0
2796,20171025122,32.0
2797,20171025132,33.0
2798,20171025142,33.0
2799,20171025152,33.0
2800,20171025162,33.0
2801,20171025172,33.0
2802,20171025182,33.0
2803,20171025192,33.0
2804,20171025202,33.0
2805,20171025212,33.0
2806,20171025222,33.0
2807,20171025232,33.0
2808,20171026002,27.0
2809,20171026012,27.0
2810,20171026022,24.0
2811,20171026032,20.0
2812,20171026042,17.0
2813,20171026052,17.0
2814,20171026062,17.0
2815,20171026072,17.0
2816,20171026082,21.0
2817,20171026092,21.0
2818,20171026102,25.0
2819,20171026112,30.0
2820,20171026122,32.0
2821,20171026132,32.0
2822,20171026142,32.0
2823,20171026152,32.0
2824,20171026162,33.0
2825,20171026172,33.0
2826,20171026182,33.0
2827,20171026192,33.0
2828,20171026202,33.0
2829,20171026212,33.0
2830,20171026222,33.0
2831,20171026232,33.0
2832,20171027002,27.0
2833,20171027012,27.0
2834,20171027022,24.0
2835,20171027032,20.0
2836,20171027042,17.0
2837,20171027052,17.0
2838,20171027062,17.0
2839,20171027072,17.0
2840,20171027082,21.0
2841,20171027092,21.0
2842,20171027102,24.0
2843,20171027112,29.0
2844,20171027122,30.0
2845,20171027132,30.0
2846,20171027142,30.0
2847,20171027152,30.0
2848,20171027162,30.0
2849,20171027172,30.0
2850,20171027182,30.0
2851,20171027192,30.0
2852,20171027202,30.0
2853,20171027212,30.0
2854,20171027222,30.0
2855,20171027232,30.0
2856,20171028002,22.0
2857,20171028012,22.0
2858,20171028022,20.0
2859,20171028032,16.0
2860,20171028042,13.0
2861,20171028052,13.0
2862,20171028062,13.0
2863,20171028072,13.0
2864,20171028082,14.0
2865,20171028092,14.0
2866,20171028102,16.0
2867,20171028112,17.0
2868,20171028122,17.0
2869,20171028132,17.0
2870,20171028142,17.0
2871,20171028152,17.0
2872,20171028162,17.0
2873,20171028172,18.0
2874,20171028182,18.0
2875,20171028192,18.0
2876,20171028202,18.0
2877,20171028212,18.0
2878,20171028222,18.0
2879,20171028232,18.0
2880,20171029002,16.0
2881,20171029012,16.0
2882,20171029022,15.0
2883,20171029032,13.0
2884,20171029042,12.0
2885,20171029052,11.0
2886,20171029062,11.0
2887,20171029072,11.0
2888,20171029082,12.0
2889,20171029092,12.0
2890,20171029102,14.0
2891,20171029112,15.0
2892,20171029122,15.0
2893,20171029132,15.0
2894,20171029142,15.0
2895,20171029152,17.0
2896,20171029162,18.0
2897,20171029172,19.0
2898,20171029182,19.0
2899,20171029192,20.0
2900,20171029202,20.0
2901,20171029212,20.0
2902,20171029222,20.0
2903,20171029232,20.0
2904,20171030002,19.0
2905,20171030012,19.0
2906,20171030022,19.0
2907,20171030032,16.0
2908,20171030042,16.0
2909,20171030052,15.0
2910,20171030062,15.0
2911,20171030072,16.0
2912,20171030082,20.0
2913,20171030092,21.0
2914,20171030102,23.0
2915,20171030112,29.0
2916,20171030122,31.0
2917,20171030132,32.0
2918,20171030142,32.0
2919,20171030152,32.0
2920,20171030162,32.0
2921,20171030172,32.0
2922,20171030182,32.0
2923,20171030192,32.0
2924,20171030202,32.0
2925,20171030212,32.0
2926,20171030222,32.0
2927,20171030232,32.0
2928,20171031002,25.0
2929,20171031012,25.0
2930,20171031022,24.0
2931,20171031032,20.0
2932,20171031042,18.0
2933,20171031052,18.0
2934,20171031062,18.0
2935,20171031072,18.0
2936,20171031082,21.0
2937,20171031092,21.0
2938,20171031102,24.0
2939,20171031112,30.0
2940,20171031122,32.0
2941,20171031132,33.0
2942,20171031142,33.0
2943,20171031152,33.0
2944,20171031162,33.0
2945,20171031172,33.0
2946,20171031182,33.0
2947,20171031192,33.0
2948,20171031202,33.0
2949,20171031212,33.0
2950,20171031222,33.0
2951,20171031232,33.0
0,20170701003,18.0
1,20170701013,17.0
2,20170701023,14.0
3,20170701033,10.0
4,20170701043,7.0
5,20170701053,7.0
6,20170701063,8.0
7,20170701073,10.0
8,20170701083,11.0
9,20170701093,12.0
10,20170701103,17.0
11,20170701113,21.0
12,20170701123,21.0
13,20170701133,21.0
14,20170701143,21.0
15,20170701153,21.0
16,20170701163,21.0
17,20170701173,21.0
18,20170701183,21.0
19,20170701193,21.0
20,20170701203,21.0
21,20170701213,21.0
22,20170701223,21.0
23,20170701233,21.0
24,20170702003,15.0
25,20170702013,15.0
26,20170702023,13.0
27,20170702033,9.0
28,20170702043,7.0
29,20170702053,7.0
30,20170702063,8.0
31,20170702073,9.0
32,20170702083,12.0
33,20170702093,12.0
34,20170702103,17.0
35,20170702113,19.0
36,20170702123,20.0
37,20170702133,20.0
38,20170702143,20.0
39,20170702153,19.0
40,20170702163,20.0
41,20170702173,20.0
42,20170702183,20.0
43,20170702193,20.0
44,20170702203,20.0
45,20170702213,20.0
46,20170702223,20.0
47,20170702233,20.0
48,20170703003,15.0
49,20170703013,15.0
50,20170703023,13.0
51,20170703033,9.0
52,20170703043,8.0
53,20170703053,8.0
54,20170703063,8.0
55,20170703073,9.0
56,20170703083,13.0
57,20170703093,15.0
58,20170703103,22.0
59,20170703113,23.0
60,20170703123,24.0
61,20170703133,24.0
62,20170703143,24.0
63,20170703153,23.0
64,20170703163,24.0
65,20170703173,24.0
66,20170703183,24.0
67,20170703193,23.0
68,20170703203,23.0
69,20170703213,23.0
70,20170703223,23.0
71,20170703233,23.0
72,20170704003,14.0
73,20170704013,14.0
74,20170704023,11.0
75,20170704033,8.0
76,20170704043,8.0
77,20170704053,8.0
78,20170704063,8.0
79,20170704073,9.0
80,20170704083,14.0
81,20170704093,16.0
82,20170704103,22.0
83,20170704113,23.0
84,20170704123,23.0
85,20170704133,23.0
86,20170704143,23.0
87,20170704153,23.0
88,20170704163,23.0
89,20170704173,23.0
90,20170704183,23.0
91,20170704193,23.0
92,20170704203,23.0
93,20170704213,23.0
94,20170704223,23.0
95,20170704233,23.0
96,20170705003,14.0
97,20170705013,14.0
98,20170705023,10.0
99,20170705033,8.0
100,20170705043,8.0
101,20170705053,8.0
102,20170705063,8.0
103,20170705073,9.0
104,20170705083,15.0
105,20170705093,16.0
106,20170705103,22.0
107,20170705113,23.0
108,20170705123,23.0
109,20170705133,23.0
110,20170705143,23.0
111,20170705153,23.0
112,20170705163,23.0
113,20170705173,23.0
114,20170705183,23.0
115,20170705193,23.0
116,20170705203,23.0
117,20170705213,23.0
118,20170705223,23.0
119,20170705233,23.0
120,20170706003,14.0
121,20170706013,14.0
122,20170706023,10.0
123,20170706033,8.0
124,20170706043,8.0
125,20170706053,8.0
126,20170706063,8.0
127,20170706073,8.0
128,20170706083,15.0
129,20170706093,16.0
130,20170706103,22.0
131,20170706113,23.0
132,20170706123,23.0
133,20170706133,23.0
134,20170706143,23.0
135,20170706153,23.0
136,20170706163,23.0
137,20170706173,23.0
138,20170706183,23.0
139,20170706193,23.0
140,20170706203,23.0
141,20170706213,23.0
142,20170706223,23.0
143,20170706233,23.0
144,20170707003,14.0
145,20170707013,14.0
146,20170707023,10.0
147,20170707033,8.0
148,20170707043,8.0
149,20170707053,8.0
150,20170707063,8.0
151,20170707073,8.0
152,20170707083,15.0
153,20170707093,16.0
154,20170707103,21.0
155,20170707113,22.0
156,20170707123,23.0
157,20170707133,23.0
158,20170707143,22.0
159,20170707153,22.0
160,20170707163,22.0
161,20170707173,22.0
162,20170707183,22.0
163,20170707193,22.0
164,20170707203,22.0
165,20170707213,22.0
166,20170707223,22.0
167,20170707233,22.0
168,20170708003,14.0
169,20170708013,14.0
170,20170708023,10.0
171,20170708033,8.0
172,20170708043,7.0
173,20170708053,7.0
174,20170708063,7.0
175,20170708073,8.0
176,20170708083,15.0
177,20170708093,15.0
178,20170708103,20.0
179,20170708113,21.0
180,20170708123,21.0
181,20170708133,21.0
182,20170708143,21.0
183,20170708153,21.0
184,20170708163,21.0
185,20170708173,21.0
186,20170708183,21.0
187,20170708193,20.0
188,20170708203,20.0
189,20170708213,20.0
190,20170708223,20.0
191,20170708233,20.0
192,20170709003,14.0
193,20170709013,14.0
194,20170709023,10.0
195,20170709033,8.0
196,20170709043,7.0
197,20170709053,7.0
198,20170709063,7.0
199,20170709073,8.0
200,20170709083,14.0
201,20170709093,15.0
202,20170709103,19.0
203,20170709113,19.0
204,20170709123,19.0
205,20170709133,19.0
206,20170709143,19.0
207,20170709153,19.0
208,20170709163,19.0
209,20170709173,19.0
210,20170709183,19.0
211,20170709193,19.0
212,20170709203,19.0
213,20170709213,19.0
214,20170709223,19.0
215,20170709233,19.0
216,20170710003,14.0
217,20170710013,14.0
218,20170710023,10.0
219,20170710033,8.0
220,20170710043,8.0
221,20170710053,8.0
222,20170710063,8.0
223,20170710073,8.0
224,20170710083,16.0
225,20170710093,17.0
226,20170710103,23.0
227,20170710113,24.0
228,20170710123,24.0
229,20170710133,24.0
230,20170710143,24.0
231,20170710153,24.0
232,20170710163,24.0
233,20170710173,24.0
234,20170710183,24.0
235,20170710193,23.0
236,20170710203,23.0
237,20170710213,23.0
238,20170710223,23.0
239,20170710233,23.0
240,20170711003,14.0
241,20170711013,14.0
242,20170711023,10.0
243,20170711033,8.0
244,20170711043,8.0
245,20170711053,8.0
246,20170711063,8.0
247,20170711073,8.0
248,20170711083,16.0
249,20170711093,17.0
250,20170711103,22.0
251,20170711113,23.0
252,20170711123,24.0
253,20170711133,24.0
254,20170711143,24.0
255,20170711153,24.0
256,20170711163,24.0
257,20170711173,24.0
258,20170711183,24.0
259,20170711193,23.0
260,20170711203,23.0
261,20170711213,23.0
262,20170711223,23.0
263,20170711233,23.0
264,20170712003,14.0
265,20170712013,14.0
266,20170712023,10.0
267,20170712033,8.0
268,20170712043,8.0
269,20170712053,8.0
270,20170712063,8.0
271,20170712073,8.0
272,20170712083,15.0
273,20170712093,17.0
274,20170712103,22.0
275,20170712113,23.0
276,20170712123,23.0
277,20170712133,23.0
278,20170712143,23.0
279,20170712153,23.0
280,20170712163,23.0
281,20170712173,23.0
282,20170712183,23.0
283,20170712193,23.0
284,20170712203,23.0
285,20170712213,23.0
286,20170712223,23.0
287,20170712233,23.0
288,20170713003,14.0
289,20170713013,14.0
290,20170713023,10.0
291,20170713033,8.0
292,20170713043,8.0
293,20170713053,8.0
294,20170713063,8.0
295,20170713073,8.0
296,20170713083,15.0
297,20170713093,17.0
298,20170713103,22.0
299,20170713113,23.0
300,20170713123,23.0
301,20170713133,23.0
302,20170713143,23.0
303,20170713153,23.0
304,20170713163,23.0
305,20170713173,23.0
306,20170713183,23.0
307,20170713193,23.0
308,20170713203,23.0
309,20170713213,23.0
310,20170713223,23.0
311,20170713233,23.0
312,20170714003,14.0
313,20170714013,14.0
314,20170714023,10.0
315,20170714033,8.0
316,20170714043,8.0
317,20170714053,8.0
318,20170714063,8.0
319,20170714073,8.0
320,20170714083,15.0
321,20170714093,16.0
322,20170714103,21.0
323,20170714113,22.0
324,20170714123,23.0
325,20170714133,23.0
326,20170714143,23.0
327,20170714153,22.0
328,20170714163,22.0
329,20170714173,22.0
330,20170714183,22.0
331,20170714193,22.0
332,20170714203,22.0
333,20170714213,22.0
334,20170714223,22.0
335,20170714233,22.0
336,20170715003,14.0
337,20170715013,14.0
338,20170715023,10.0
339,20170715033,8.0
340,20170715043,8.0
341,20170715053,8.0
342,20170715063,8.0
343,20170715073,8.0
344,20170715083,15.0
345,20170715093,16.0
346,20170715103,20.0
347,20170715113,21.0
348,20170715123,21.0
349,20170715133,21.0
350,20170715143,21.0
351,20170715153,21.0
352,20170715163,21.0
353,20170715173,21.0
354,20170715183,21.0
355,20170715193,21.0
356,20170715203,20.0
357,20170715213,20.0
358,20170715223,20.0
359,20170715233,21.0
360,20170716003,14.0
361,20170716013,14.0
362,20170716023,10.0
363,20170716033,8.0
364,20170716043,8.0
365,20170716053,8.0
366,20170716063,8.0
367,20170716073,8.0
368,20170716083,14.0
369,20170716093,15.0
370,20170716103,19.0
371,20170716113,20.0
372,20170716123,20.0
373,20170716133,20.0
374,20170716143,20.0
375,20170716153,20.0
376,20170716163,20.0
377,20170716173,20.0
378,20170716183,20.0
379,20170716193,20.0
380,20170716203,19.0
381,20170716213,19.0
382,20170716223,19.0
383,20170716233,20.0
384,20170717003,14.0
385,20170717013,14.0
386,20170717023,9.0
387,20170717033,8.0
388,20170717043,8.0
389,20170717053,8.0
390,20170717063,8.0
391,20170717073,8.0
392,20170717083,16.0
393,20170717093,17.0
394,20170717103,23.0
395,20170717113,24.0
396,20170717123,24.0
397,20170717133,24.0
398,20170717143,24.0
399,20170717153,24.0
400,20170717163,24.0
401,20170717173,24.0
402,20170717183,24.0
403,20170717193,24.0
404,20170717203,23.0
405,20170717213,23.0
406,20170717223,23.0
407,20170717233,24.0
408,20170718003,14.0
409,20170718013,14.0
410,20170718023,9.0
411,20170718033,8.0
412,20170718043,8.0
413,20170718053,8.0
414,20170718063,8.0
415,20170718073,8.0
416,20170718083,16.0
417,20170718093,18.0
418,20170718103,23.0
419,20170718113,25.0
420,20170718123,25.0
421,20170718133,25.0
422,20170718143,25.0
423,20170718153,25.0
424,20170718163,25.0
425,20170718173,25.0
426,20170718183,25.0
427,20170718193,25.0
428,20170718203,24.0
429,20170718213,24.0
430,20170718223,24.0
431,20170718233,25.0
432,20170719003,14.0
433,20170719013,14.0
434,20170719023,9.0
435,20170719033,8.0
436,20170719043,8.0
437,20170719053,8.0
438,20170719063,8.0
439,20170719073,8.0
440,20170719083,15.0
441,20170719093,18.0
442,20170719103,24.0
443,20170719113,25.0
444,20170719123,25.0
445,20170719133,25.0
446,20170719143,25.0
447,20170719153,25.0
448,20170719163,25.0
449,20170719173,25.0
450,20170719183,25.0
451,20170719193,25.0
452,20170719203,25.0
453,20170719213,25.0
454,20170719223,25.0
455,20170719233,25.0
456,20170720003,14.0
457,20170720013,14.0
458,20170720023,9.0
459,20170720033,8.0
460,20170720043,8.0
461,20170720053,8.0
462,20170720063,8.0
463,20170720073,8.0
464,20170720083,16.0
465,20170720093,19.0
466,20170720103,25.0
467,20170720113,27.0
468,20170720123,27.0
469,20170720133,27.0
470,20170720143,27.0
471,20170720153,26.0
472,20170720163,26.0
473,20170720173,27.0
474,20170720183,26.0
475,20170720193,26.0
476,20170720203,26.0
477,20170720213,26.0
478,20170720223,26.0
479,20170720233,27.0
480,20170721003,14.0
481,20170721013,14.0
482,20170721023,9.0
483,20170721033,8.0
484,20170721043,8.0
485,20170721053,8.0
486,20170721063,8.0
487,20170721073,8.0
488,20170721083,16.0
489,20170721093,19.0
490,20170721103,25.0
491,20170721113,27.0
492,20170721123,27.0
493,20170721133,27.0
494,20170721143,27.0
495,20170721153,27.0
496,20170721163,27.0
497,20170721173,27.0
498,20170721183,27.0
499,20170721193,27.0
500,20170721203,27.0
501,20170721213,27.0
502,20170721223,27.0
503,20170721233,27.0
504,20170722003,14.0
505,20170722013,14.0
506,20170722023,9.0
507,20170722033,8.0
508,20170722043,8.0
509,20170722053,8.0
510,20170722063,8.0
511,20170722073,8.0
512,20170722083,16.0
513,20170722093,19.0
514,20170722103,25.0
515,20170722113,26.0
516,20170722123,26.0
517,20170722133,26.0
518,20170722143,26.0
519,20170722153,26.0
520,20170722163,26.0
521,20170722173,26.0
522,20170722183,26.0
523,20170722193,26.0
524,20170722203,26.0
525,20170722213,26.0
526,20170722223,26.0
527,20170722233,26.0
528,20170723003,14.0
529,20170723013,14.0
530,20170723023,9.0
531,20170723033,8.0
532,20170723043,8.0
533,20170723053,8.0
534,20170723063,8.0
535,20170723073,8.0
536,20170723083,15.0
537,20170723093,19.0
538,20170723103,24.0
539,20170723113,25.0
540,20170723123,25.0
541,20170723133,25.0
542,20170723143,25.0
543,20170723153,25.0
544,20170723163,25.0
545,20170723173,25.0
546,20170723183,25.0
547,20170723193,25.0
548,20170723203,25.0
549,20170723213,25.0
550,20170723223,25.0
551,20170723233,25.0
552,20170724003,14.0
553,20170724013,14.0
554,20170724023,9.0
555,20170724033,8.0
556,20170724043,8.0
557,20170724053,8.0
558,20170724063,8.0
559,20170724073,8.0
560,20170724083,16.0
561,20170724093,19.0
562,20170724103,25.0
563,20170724113,26.0
564,20170724123,26.0
565,20170724133,26.0
566,20170724143,26.0
567,20170724153,26.0
568,20170724163,26.0
569,20170724173,26.0
570,20170724183,26.0
571,20170724193,26.0
572,20170724203,26.0
573,20170724213,26.0
574,20170724223,26.0
575,20170724233,26.0
576,20170725003,14.0
577,20170725013,14.0
578,20170725023,9.0
579,20170725033,8.0
580,20170725043,8.0
581,20170725053,8.0
582,20170725063,8.0
583,20170725073,8.0
584,20170725083,16.0
585,20170725093,19.0
586,20170725103,25.0
587,20170725113,26.0
588,20170725123,26.0
589,20170725133,26.0
590,20170725143,26.0
591,20170725153,26.0
592,20170725163,26.0
593,20170725173,26.0
594,20170725183,26.0
595,20170725193,26.0
596,20170725203,26.0
597,20170725213,26.0
598,20170725223,26.0
599,20170725233,26.0
600,20170726003,14.0
601,20170726013,14.0
602,20170726023,9.0
603,20170726033,8.0
604,20170726043,8.0
605,20170726053,8.0
606,20170726063,8.0
607,20170726073,8.0
608,20170726083,16.0
609,20170726093,18.0
610,20170726103,25.0
611,20170726113,26.0
612,20170726123,26.0
613,20170726133,26.0
614,20170726143,26.0
615,20170726153,26.0
616,20170726163,26.0
617,20170726173,26.0
618,20170726183,26.0
619,20170726193,26.0
620,20170726203,26.0
621,20170726213,26.0
622,20170726223,26.0
623,20170726233,26.0
624,20170727003,14.0
625,20170727013,14.0
626,20170727023,9.0
627,20170727033,8.0
628,20170727043,8.0
629,20170727053,8.0
630,20170727063,8.0
631,20170727073,8.0
632,20170727083,16.0
633,20170727093,18.0
634,20170727103,25.0
635,20170727113,27.0
636,20170727123,27.0
637,20170727133,27.0
638,20170727143,27.0
639,20170727153,27.0
640,20170727163,27.0
641,20170727173,27.0
642,20170727183,27.0
643,20170727193,27.0
644,20170727203,26.0
645,20170727213,26.0
646,20170727223,26.0
647,20170727233,26.0
648,20170728003,14.0
649,20170728013,14.0
650,20170728023,9.0
651,20170728033,8.0
652,20170728043,8.0
653,20170728053,8.0
654,20170728063,8.0
655,20170728073,8.0
656,20170728083,16.0
657,20170728093,18.0
658,20170728103,25.0
659,20170728113,27.0
660,20170728123,27.0
661,20170728133,27.0
662,20170728143,27.0
663,20170728153,27.0
664,20170728163,27.0
665,20170728173,27.0
666,20170728183,27.0
667,20170728193,27.0
668,20170728203,27.0
669,20170728213,26.0
670,20170728223,26.0
671,20170728233,27.0
672,20170729003,14.0
673,20170729013,14.0
674,20170729023,9.0
675,20170729033,8.0
676,20170729043,8.0
677,20170729053,8.0
678,20170729063,8.0
679,20170729073,8.0
680,20170729083,16.0
681,20170729093,18.0
682,20170729103,24.0
683,20170729113,26.0
684,20170729123,26.0
685,20170729133,26.0
686,20170729143,26.0
687,20170729153,26.0
688,20170729163,26.0
689,20170729173,26.0
690,20170729183,26.0
691,20170729193,26.0
692,20170729203,26.0
693,20170729213,26.0
694,20170729223,26.0
695,20170729233,26.0
696,20170730003,14.0
697,20170730013,14.0
698,20170730023,9.0
699,20170730033,8.0
700,20170730043,8.0
701,20170730053,8.0
702,20170730063,8.0
703,20170730073,8.0
704,20170730083,15.0
705,20170730093,18.0
706,20170730103,24.0
707,20170730113,26.0
708,20170730123,26.0
709,20170730133,26.0
710,20170730143,25.0
711,20170730153,25.0
712,20170730163,26.0
713,20170730173,26.0
714,20170730183,26.0
715,20170730193,26.0
716,20170730203,26.0
717,20170730213,25.0
718,20170730223,25.0
719,20170730233,26.0
720,20170731003,14.0
721,20170731013,14.0
722,20170731023,9.0
723,20170731033,8.0
724,20170731043,8.0
725,20170731053,8.0
726,20170731063,8.0
727,20170731073,9.0
728,20170731083,16.0
729,20170731093,18.0
730,20170731103,25.0
731,20170731113,26.0
732,20170731123,26.0
733,20170731133,26.0
734,20170731143,26.0
735,20170731153,26.0
736,20170731163,26.0
737,20170731173,26.0
738,20170731183,26.0
739,20170731193,26.0
740,20170731203,26.0
741,20170731213,26.0
742,20170731223,26.0
743,20170731233,26.0
744,20170801003,14.0
745,20170801013,14.0
746,20170801023,9.0
747,20170801033,8.0
748,20170801043,8.0
749,20170801053,8.0
750,20170801063,8.0
751,20170801073,8.0
752,20170801083,16.0
753,20170801093,18.0
754,20170801103,22.0
755,20170801113,23.0
756,20170801123,23.0
757,20170801133,23.0
758,20170801143,23.0
759,20170801153,23.0
760,20170801163,23.0
761,20170801173,23.0
762,20170801183,23.0
763,20170801193,23.0
764,20170801203,23.0
765,20170801213,23.0
766,20170801223,23.0
767,20170801233,23.0
768,20170802003,14.0
769,20170802013,14.0
770,20170802023,9.0
771,20170802033,8.0
772,20170802043,8.0
773,20170802053,8.0
774,20170802063,8.0
775,20170802073,8.0
776,20170802083,16.0
777,20170802093,17.0
778,20170802103,22.0
779,20170802113,23.0
780,20170802123,23.0
781,20170802133,23.0
782,20170802143,23.0
783,20170802153,23.0
784,20170802163,23.0
785,20170802173,23.0
786,20170802183,23.0
787,20170802193,23.0
788,20170802203,23.0
789,20170802213,23.0
790,20170802223,23.0
791,20170802233,23.0
792,20170803003,14.0
793,20170803013,14.0
794,20170803023,9.0
795,20170803033,8.0
796,20170803043,8.0
797,20170803053,8.0
798,20170803063,8.0
799,20170803073,8.0
800,20170803083,15.0
801,20170803093,17.0
802,20170803103,22.0
803,20170803113,23.0
804,20170803123,23.0
805,20170803133,23.0
806,20170803143,23.0
807,20170803153,23.0
808,20170803163,23.0
809,20170803173,23.0
810,20170803183,23.0
811,20170803193,23.0
812,20170803203,23.0
813,20170803213,23.0
814,20170803223,23.0
815,20170803233,23.0
816,20170804003,14.0
817,20170804013,14.0
818,20170804023,9.0
819,20170804033,8.0
820,20170804043,8.0
821,20170804053,8.0
822,20170804063,8.0
823,20170804073,8.0
824,20170804083,15.0
825,20170804093,16.0
826,20170804103,21.0
827,20170804113,22.0
828,20170804123,22.0
829,20170804133,22.0
830,20170804143,22.0
831,20170804153,22.0
832,20170804163,22.0
833,20170804173,22.0
834,20170804183,22.0
835,20170804193,22.0
836,20170804203,22.0
837,20170804213,22.0
838,20170804223,22.0
839,20170804233,22.0
840,20170805003,14.0
841,20170805013,14.0
842,20170805023,9.0
843,20170805033,8.0
844,20170805043,7.0
845,20170805053,7.0
846,20170805063,8.0
847,20170805073,8.0
848,20170805083,15.0
849,20170805093,15.0
850,20170805103,20.0
851,20170805113,20.0
852,20170805123,20.0
853,20170805133,20.0
854,20170805143,20.0
855,20170805153,20.0
856,20170805163,20.0
857,20170805173,20.0
858,20170805183,20.0
859,20170805193,20.0
860,20170805203,20.0
861,20170805213,20.0
862,20170805223,20.0
863,20170805233,20.0
864,20170806003,13.0
865,20170806013,13.0
866,20170806023,9.0
867,20170806033,8.0
868,20170806043,7.0
869,20170806053,7.0
870,20170806063,7.0
871,20170806073,8.0
872,20170806083,14.0
873,20170806093,15.0
874,20170806103,19.0
875,20170806113,19.0
876,20170806123,19.0
877,20170806133,19.0
878,20170806143,19.0
879,20170806153,19.0
880,20170806163,19.0
881,20170806173,19.0
882,20170806183,19.0
883,20170806193,19.0
884,20170806203,19.0
885,20170806213,19.0
886,20170806223,19.0
887,20170806233,19.0
888,20170807003,13.0
889,20170807013,13.0
890,20170807023,9.0
891,20170807033,8.0
892,20170807043,8.0
893,20170807053,8.0
894,20170807063,8.0
895,20170807073,8.0
896,20170807083,16.0
897,20170807093,17.0
898,20170807103,22.0
899,20170807113,23.0
900,20170807123,23.0
901,20170807133,23.0
902,20170807143,23.0
903,20170807153,23.0
904,20170807163,23.0
905,20170807173,23.0
906,20170807183,23.0
907,20170807193,23.0
908,20170807203,23.0
909,20170807213,23.0
910,20170807223,23.0
911,20170807233,23.0
912,20170808003,13.0
913,20170808013,13.0
914,20170808023,9.0
915,20170808033,8.0
916,20170808043,8.0
917,20170808053,8.0
918,20170808063,8.0
919,20170808073,8.0
920,20170808083,15.0
921,20170808093,17.0
922,20170808103,22.0
923,20170808113,23.0
924,20170808123,23.0
925,20170808133,23.0
926,20170808143,23.0
927,20170808153,23.0
928,20170808163,23.0
929,20170808173,23.0
930,20170808183,23.0
931,20170808193,23.0
932,20170808203,23.0
933,20170808213,23.0
934,20170808223,23.0
935,20170808233,23.0
936,20170809003,13.0
937,20170809013,13.0
938,20170809023,9.0
939,20170809033,8.0
940,20170809043,8.0
941,20170809053,8.0
942,20170809063,8.0
943,20170809073,8.0
944,20170809083,15.0
945,20170809093,16.0
946,20170809103,22.0
947,20170809113,23.0
948,20170809123,23.0
949,20170809133,23.0
950,20170809143,23.0
951,20170809153,23.0
952,20170809163,23.0
953,20170809173,23.0
954,20170809183,23.0
955,20170809193,23.0
956,20170809203,23.0
957,20170809213,23.0
958,20170809223,23.0
959,20170809233,23.0
960,20170810003,13.0
961,20170810013,13.0
962,20170810023,9.0
963,20170810033,8.0
964,20170810043,8.0
965,20170810053,8.0
966,20170810063,8.0
967,20170810073,8.0
968,20170810083,15.0
969,20170810093,16.0
970,20170810103,22.0
971,20170810113,23.0
972,20170810123,23.0
973,20170810133,23.0
974,20170810143,23.0
975,20170810153,23.0
976,20170810163,23.0
977,20170810173,23.0
978,20170810183,23.0
979,20170810193,23.0
980,20170810203,23.0
981,20170810213,23.0
982,20170810223,23.0
983,20170810233,23.0
984,20170811003,13.0
985,20170811013,13.0
986,20170811023,9.0
987,20170811033,8.0
988,20170811043,8.0
989,20170811053,8.0
990,20170811063,8.0
991,20170811073,8.0
992,20170811083,15.0
993,20170811093,16.0
994,20170811103,21.0
995,20170811113,22.0
996,20170811123,22.0
997,20170811133,22.0
998,20170811143,22.0
999,20170811153,22.0
1000,20170811163,22.0
1001,20170811173,22.0
1002,20170811183,22.0
1003,20170811193,22.0
1004,20170811203,22.0
1005,20170811213,22.0
1006,20170811223,22.0
1007,20170811233,22.0
1008,20170812003,13.0
1009,20170812013,13.0
1010,20170812023,9.0
1011,20170812033,8.0
1012,20170812043,7.0
1013,20170812053,7.0
1014,20170812063,7.0
1015,20170812073,8.0
1016,20170812083,15.0
1017,20170812093,15.0
1018,20170812103,20.0
1019,20170812113,20.0
1020,20170812123,20.0
1021,20170812133,20.0
1022,20170812143,20.0
1023,20170812153,20.0
1024,20170812163,20.0
1025,20170812173,20.0
1026,20170812183,20.0
1027,20170812193,20.0
1028,20170812203,20.0
1029,20170812213,20.0
1030,20170812223,20.0
1031,20170812233,20.0
1032,20170813003,13.0
1033,20170813013,13.0
1034,20170813023,9.0
1035,20170813033,8.0
1036,20170813043,7.0
1037,20170813053,7.0
1038,20170813063,7.0
1039,20170813073,8.0
1040,20170813083,14.0
1041,20170813093,15.0
1042,20170813103,19.0
1043,20170813113,19.0
1044,20170813123,19.0
1045,20170813133,19.0
1046,20170813143,19.0
1047,20170813153,19.0
1048,20170813163,19.0
1049,20170813173,19.0
1050,20170813183,19.0
1051,20170813193,19.0
1052,20170813203,19.0
1053,20170813213,19.0
1054,20170813223,19.0
1055,20170813233,19.0
1056,20170814003,13.0
1057,20170814013,13.0
1058,20170814023,9.0
1059,20170814033,8.0
1060,20170814043,8.0
1061,20170814053,8.0
1062,20170814063,8.0
1063,20170814073,8.0
1064,20170814083,16.0
1065,20170814093,17.0
1066,20170814103,23.0
1067,20170814113,24.0
1068,20170814123,24.0
1069,20170814133,24.0
1070,20170814143,24.0
1071,20170814153,24.0
1072,20170814163,24.0
1073,20170814173,24.0
1074,20170814183,24.0
1075,20170814193,23.0
1076,20170814203,23.0
1077,20170814213,23.0
1078,20170814223,23.0
1079,20170814233,23.0
1080,20170815003,13.0
1081,20170815013,13.0
1082,20170815023,9.0
1083,20170815033,8.0
1084,20170815043,8.0
1085,20170815053,8.0
1086,20170815063,8.0
1087,20170815073,8.0
1088,20170815083,15.0
1089,20170815093,17.0
1090,20170815103,22.0
1091,20170815113,23.0
1092,20170815123,23.0
1093,20170815133,23.0
1094,20170815143,23.0
1095,20170815153,23.0
1096,20170815163,23.0
1097,20170815173,23.0
1098,20170815183,23.0
1099,20170815193,23.0
1100,20170815203,23.0
1101,20170815213,23.0
1102,20170815223,23.0
1103,20170815233,23.0
1104,20170816003,13.0
1105,20170816013,13.0
1106,20170816023,9.0
1107,20170816033,8.0
1108,20170816043,8.0
1109,20170816053,8.0
1110,20170816063,8.0
1111,20170816073,8.0
1112,20170816083,15.0
1113,20170816093,17.0
1114,20170816103,22.0
1115,20170816113,23.0
1116,20170816123,23.0
1117,20170816133,23.0
1118,20170816143,23.0
1119,20170816153,23.0
1120,20170816163,23.0
1121,20170816173,23.0
1122,20170816183,23.0
1123,20170816193,23.0
1124,20170816203,23.0
1125,20170816213,23.0
1126,20170816223,23.0
1127,20170816233,23.0
1128,20170817003,13.0
1129,20170817013,13.0
1130,20170817023,9.0
1131,20170817033,8.0
1132,20170817043,8.0
1133,20170817053,8.0
1134,20170817063,8.0
1135,20170817073,8.0
1136,20170817083,15.0
1137,20170817093,17.0
1138,20170817103,22.0
1139,20170817113,23.0
1140,20170817123,24.0
1141,20170817133,24.0
1142,20170817143,24.0
1143,20170817153,24.0
1144,20170817163,24.0
1145,20170817173,24.0
1146,20170817183,24.0
1147,20170817193,23.0
1148,20170817203,23.0
1149,20170817213,23.0
1150,20170817223,23.0
1151,20170817233,23.0
1152,20170818003,13.0
1153,20170818013,13.0
1154,20170818023,9.0
1155,20170818033,8.0
1156,20170818043,8.0
1157,20170818053,8.0
1158,20170818063,8.0
1159,20170818073,8.0
1160,20170818083,15.0
1161,20170818093,16.0
1162,20170818103,21.0
1163,20170818113,23.0
1164,20170818123,24.0
1165,20170818133,24.0
1166,20170818143,24.0
1167,20170818153,24.0
1168,20170818163,24.0
1169,20170818173,24.0
1170,20170818183,24.0
1171,20170818193,23.0
1172,20170818203,23.0
1173,20170818213,23.0
1174,20170818223,23.0
1175,20170818233,23.0
1176,20170819003,13.0
1177,20170819013,13.0
1178,20170819023,9.0
1179,20170819033,8.0
1180,20170819043,8.0
1181,20170819053,8.0
1182,20170819063,8.0
1183,20170819073,8.0
1184,20170819083,15.0
1185,20170819093,16.0
1186,20170819103,21.0
1187,20170819113,23.0
1188,20170819123,23.0
1189,20170819133,23.0
1190,20170819143,23.0
1191,20170819153,23.0
1192,20170819163,23.0
1193,20170819173,23.0
1194,20170819183,23.0
1195,20170819193,23.0
1196,20170819203,23.0
1197,20170819213,23.0
1198,20170819223,23.0
1199,20170819233,23.0
1200,20170820003,13.0
1201,20170820013,13.0
1202,20170820023,9.0
1203,20170820033,8.0
1204,20170820043,8.0
1205,20170820053,8.0
1206,20170820063,8.0
1207,20170820073,8.0
1208,20170820083,15.0
1209,20170820093,15.0
1210,20170820103,21.0
1211,20170820113,22.0
1212,20170820123,23.0
1213,20170820133,23.0
1214,20170820143,23.0
1215,20170820153,23.0
1216,20170820163,23.0
1217,20170820173,23.0
1218,20170820183,23.0
1219,20170820193,22.0
1220,20170820203,22.0
1221,20170820213,22.0
1222,20170820223,22.0
1223,20170820233,23.0
1224,20170821003,13.0
1225,20170821013,13.0
1226,20170821023,9.0
1227,20170821033,8.0
1228,20170821043,8.0
1229,20170821053,8.0
1230,20170821063,8.0
1231,20170821073,8.0
1232,20170821083,16.0
1233,20170821093,17.0
1234,20170821103,24.0
1235,20170821113,25.0
1236,20170821123,26.0
1237,20170821133,26.0
1238,20170821143,26.0
1239,20170821153,26.0
1240,20170821163,26.0
1241,20170821173,26.0
1242,20170821183,26.0
1243,20170821193,25.0
1244,20170821203,25.0
1245,20170821213,25.0
1246,20170821223,25.0
1247,20170821233,26.0
1248,20170822003,13.0
1249,20170822013,13.0
1250,20170822023,9.0
1251,20170822033,8.0
1252,20170822043,8.0
1253,20170822053,8.0
1254,20170822063,8.0
1255,20170822073,8.0
1256,20170822083,16.0
1257,20170822093,18.0
1258,20170822103,25.0
1259,20170822113,26.0
1260,20170822123,27.0
1261,20170822133,27.0
1262,20170822143,27.0
1263,20170822153,27.0
1264,20170822163,27.0
1265,20170822173,27.0
1266,20170822183,27.0
1267,20170822193,26.0
1268,20170822203,26.0
1269,20170822213,26.0
1270,20170822223,26.0
1271,20170822233,27.0
1272,20170823003,13.0
1273,20170823013,13.0
1274,20170823023,9.0
1275,20170823033,8.0
1276,20170823043,8.0
1277,20170823053,8.0
1278,20170823063,8.0
1279,20170823073,8.0
1280,20170823083,16.0
1281,20170823093,19.0
1282,20170823103,25.0
1283,20170823113,26.0
1284,20170823123,27.0
1285,20170823133,27.0
1286,20170823143,27.0
1287,20170823153,27.0
1288,20170823163,27.0
1289,20170823173,27.0
1290,20170823183,27.0
1291,20170823193,26.0
1292,20170823203,26.0
1293,20170823213,26.0
1294,20170823223,26.0
1295,20170823233,26.0
1296,20170824003,13.0
1297,20170824013,13.0
1298,20170824023,9.0
1299,20170824033,8.0
1300,20170824043,8.0
1301,20170824053,8.0
1302,20170824063,8.0
1303,20170824073,8.0
1304,20170824083,16.0
1305,20170824093,19.0
1306,20170824103,25.0
1307,20170824113,27.0
1308,20170824123,27.0
1309,20170824133,27.0
1310,20170824143,27.0
1311,20170824153,27.0
1312,20170824163,27.0
1313,20170824173,27.0
1314,20170824183,27.0
1315,20170824193,27.0
1316,20170824203,27.0
1317,20170824213,26.0
1318,20170824223,26.0
1319,20170824233,27.0
1320,20170825003,13.0
1321,20170825013,13.0
1322,20170825023,9.0
1323,20170825033,8.0
1324,20170825043,8.0
1325,20170825053,8.0
1326,20170825063,8.0
1327,20170825073,8.0
1328,20170825083,16.0
1329,20170825093,19.0
1330,20170825103,25.0
1331,20170825113,26.0
1332,20170825123,26.0
1333,20170825133,26.0
1334,20170825143,26.0
1335,20170825153,26.0
1336,20170825163,26.0
1337,20170825173,26.0
1338,20170825183,26.0
1339,20170825193,26.0
1340,20170825203,26.0
1341,20170825213,26.0
1342,20170825223,26.0
1343,20170825233,26.0
1344,20170826003,13.0
1345,20170826013,13.0
1346,20170826023,9.0
1347,20170826033,8.0
1348,20170826043,8.0
1349,20170826053,8.0
1350,20170826063,8.0
1351,20170826073,8.0
1352,20170826083,15.0
1353,20170826093,18.0
1354,20170826103,24.0
1355,20170826113,25.0
1356,20170826123,25.0
1357,20170826133,25.0
1358,20170826143,25.0
1359,20170826153,25.0
1360,20170826163,25.0
1361,20170826173,25.0
1362,20170826183,25.0
1363,20170826193,25.0
1364,20170826203,25.0
1365,20170826213,25.0
1366,20170826223,25.0
1367,20170826233,25.0
1368,20170827003,13.0
1369,20170827013,13.0
1370,20170827023,9.0
1371,20170827033,8.0
1372,20170827043,8.0
1373,20170827053,8.0
1374,20170827063,8.0
1375,20170827073,8.0
1376,20170827083,15.0
1377,20170827093,18.0
1378,20170827103,23.0
1379,20170827113,25.0
1380,20170827123,25.0
1381,20170827133,25.0
1382,20170827143,25.0
1383,20170827153,25.0
1384,20170827163,25.0
1385,20170827173,25.0
1386,20170827183,25.0
1387,20170827193,25.0
1388,20170827203,25.0
1389,20170827213,25.0
1390,20170827223,25.0
1391,20170827233,25.0
1392,20170828003,13.0
1393,20170828013,13.0
1394,20170828023,9.0
1395,20170828033,8.0
1396,20170828043,8.0
1397,20170828053,8.0
1398,20170828063,8.0
1399,20170828073,8.0
1400,20170828083,16.0
1401,20170828093,18.0
1402,20170828103,25.0
1403,20170828113,26.0
1404,20170828123,26.0
1405,20170828133,26.0
1406,20170828143,26.0
1407,20170828153,26.0
1408,20170828163,26.0
1409,20170828173,26.0
1410,20170828183,26.0
1411,20170828193,26.0
1412,20170828203,26.0
1413,20170828213,26.0
1414,20170828223,26.0
1415,20170828233,26.0
1416,20170829003,13.0
1417,20170829013,13.0
1418,20170829023,9.0
1419,20170829033,8.0
1420,20170829043,8.0
1421,20170829053,8.0
1422,20170829063,8.0
1423,20170829073,8.0
1424,20170829083,16.0
1425,20170829093,18.0
1426,20170829103,25.0
1427,20170829113,26.0
1428,20170829123,26.0
1429,20170829133,26.0
1430,20170829143,26.0
1431,20170829153,26.0
1432,20170829163,26.0
1433,20170829173,26.0
1434,20170829183,26.0
1435,20170829193,26.0
1436,20170829203,26.0
1437,20170829213,26.0
1438,20170829223,26.0
1439,20170829233,26.0
1440,20170830003,13.0
1441,20170830013,13.0
1442,20170830023,9.0
1443,20170830033,8.0
1444,20170830043,8.0
1445,20170830053,8.0
1446,20170830063,8.0
1447,20170830073,8.0
1448,20170830083,16.0
1449,20170830093,18.0
1450,20170830103,25.0
1451,20170830113,26.0
1452,20170830123,26.0
1453,20170830133,26.0
1454,20170830143,26.0
1455,20170830153,26.0
1456,20170830163,26.0
1457,20170830173,26.0
1458,20170830183,26.0
1459,20170830193,26.0
1460,20170830203,26.0
1461,20170830213,26.0
1462,20170830223,26.0
1463,20170830233,26.0
1464,20170831003,13.0
1465,20170831013,13.0
1466,20170831023,9.0
1467,20170831033,8.0
1468,20170831043,8.0
1469,20170831053,8.0
1470,20170831063,8.0
1471,20170831073,8.0
1472,20170831083,16.0
1473,20170831093,18.0
1474,20170831103,25.0
1475,20170831113,27.0
1476,20170831123,27.0
1477,20170831133,27.0
1478,20170831143,27.0
1479,20170831153,27.0
1480,20170831163,27.0
1481,20170831173,27.0
1482,20170831183,27.0
1483,20170831193,27.0
1484,20170831203,27.0
1485,20170831213,26.0
1486,20170831223,26.0
1487,20170831233,27.0
1488,20170901003,14.0
1489,20170901013,14.0
1490,20170901023,9.0
1491,20170901033,8.0
1492,20170901043,8.0
1493,20170901053,8.0
1494,20170901063,8.0
1495,20170901073,8.0
1496,20170901083,16.0
1497,20170901093,17.0
1498,20170901103,22.0
1499,20170901113,23.0
1500,20170901123,23.0
1501,20170901133,23.0
1502,20170901143,23.0
1503,20170901153,23.0
1504,20170901163,23.0
1505,20170901173,23.0
1506,20170901183,23.0
1507,20170901193,23.0
1508,20170901203,23.0
1509,20170901213,23.0
1510,20170901223,23.0
1511,20170901233,23.0
1512,20170902003,14.0
1513,20170902013,14.0
1514,20170902023,9.0
1515,20170902033,8.0
1516,20170902043,8.0
1517,20170902053,8.0
1518,20170902063,8.0
1519,20170902073,8.0
1520,20170902083,15.0
1521,20170902093,16.0
1522,20170902103,20.0
1523,20170902113,21.0
1524,20170902123,21.0
1525,20170902133,21.0
1526,20170902143,21.0
1527,20170902153,21.0
1528,20170902163,21.0
1529,20170902173,21.0
1530,20170902183,21.0
1531,20170902193,21.0
1532,20170902203,20.0
1533,20170902213,20.0
1534,20170902223,20.0
1535,20170902233,21.0
1536,20170903003,14.0
1537,20170903013,14.0
1538,20170903023,9.0
1539,20170903033,8.0
1540,20170903043,7.0
1541,20170903053,7.0
1542,20170903063,7.0
1543,20170903073,8.0
1544,20170903083,15.0
1545,20170903093,15.0
1546,20170903103,19.0
1547,20170903113,20.0
1548,20170903123,20.0
1549,20170903133,20.0
1550,20170903143,20.0
1551,20170903153,19.0
1552,20170903163,19.0
1553,20170903173,19.0
1554,20170903183,20.0
1555,20170903193,20.0
1556,20170903203,19.0
1557,20170903213,19.0
1558,20170903223,19.0
1559,20170903233,19.0
1560,20170904003,14.0
1561,20170904013,14.0
1562,20170904023,9.0
1563,20170904033,8.0
1564,20170904043,8.0
1565,20170904053,8.0
1566,20170904063,8.0
1567,20170904073,8.0
1568,20170904083,16.0
1569,20170904093,17.0
1570,20170904103,22.0
1571,20170904113,23.0
1572,20170904123,23.0
1573,20170904133,23.0
1574,20170904143,23.0
1575,20170904153,23.0
1576,20170904163,23.0
1577,20170904173,23.0
1578,20170904183,23.0
1579,20170904193,23.0
1580,20170904203,23.0
1581,20170904213,23.0
1582,20170904223,23.0
1583,20170904233,23.0
1584,20170905003,14.0
1585,20170905013,14.0
1586,20170905023,9.0
1587,20170905033,8.0
1588,20170905043,8.0
1589,20170905053,8.0
1590,20170905063,8.0
1591,20170905073,8.0
1592,20170905083,15.0
1593,20170905093,17.0
1594,20170905103,22.0
1595,20170905113,23.0
1596,20170905123,23.0
1597,20170905133,23.0
1598,20170905143,23.0
1599,20170905153,23.0
1600,20170905163,23.0
1601,20170905173,23.0
1602,20170905183,23.0
1603,20170905193,23.0
1604,20170905203,23.0
1605,20170905213,23.0
1606,20170905223,23.0
1607,20170905233,23.0
1608,20170906003,14.0
1609,20170906013,14.0
1610,20170906023,9.0
1611,20170906033,8.0
1612,20170906043,8.0
1613,20170906053,8.0
1614,20170906063,8.0
1615,20170906073,8.0
1616,20170906083,15.0
1617,20170906093,17.0
1618,20170906103,22.0
1619,20170906113,23.0
1620,20170906123,23.0
1621,20170906133,23.0
1622,20170906143,23.0
1623,20170906153,23.0
1624,20170906163,23.0
1625,20170906173,23.0
1626,20170906183,23.0
1627,20170906193,23.0
1628,20170906203,23.0
1629,20170906213,23.0
1630,20170906223,23.0
1631,20170906233,23.0
1632,20170907003,14.0
1633,20170907013,14.0
1634,20170907023,9.0
1635,20170907033,8.0
1636,20170907043,8.0
1637,20170907053,8.0
1638,20170907063,8.0
1639,20170907073,8.0
1640,20170907083,15.0
1641,20170907093,16.0
1642,20170907103,22.0
1643,20170907113,23.0
1644,20170907123,23.0
1645,20170907133,23.0
1646,20170907143,23.0
1647,20170907153,23.0
1648,20170907163,23.0
1649,20170907173,23.0
1650,20170907183,23.0
1651,20170907193,23.0
1652,20170907203,23.0
1653,20170907213,23.0
1654,20170907223,23.0
1655,20170907233,23.0
1656,20170908003,14.0
1657,20170908013,14.0
1658,20170908023,9.0
1659,20170908033,8.0
1660,20170908043,8.0
1661,20170908053,8.0
1662,20170908063,8.0
1663,20170908073,8.0
1664,20170908083,15.0
1665,20170908093,16.0
1666,20170908103,21.0
1667,20170908113,22.0
1668,20170908123,22.0
1669,20170908133,22.0
1670,20170908143,22.0
1671,20170908153,22.0
1672,20170908163,22.0
1673,20170908173,22.0
1674,20170908183,22.0
1675,20170908193,22.0
1676,20170908203,22.0
1677,20170908213,22.0
1678,20170908223,22.0
1679,20170908233,22.0
1680,20170909003,13.0
1681,20170909013,13.0
1682,20170909023,9.0
1683,20170909033,8.0
1684,20170909043,7.0
1685,20170909053,7.0
1686,20170909063,7.0
1687,20170909073,8.0
1688,20170909083,15.0
1689,20170909093,15.0
1690,20170909103,20.0
1691,20170909113,20.0
1692,20170909123,20.0
1693,20170909133,21.0
1694,20170909143,20.0
1695,20170909153,20.0
1696,20170909163,20.0
1697,20170909173,20.0
1698,20170909183,20.0
1699,20170909193,20.0
1700,20170909203,20.0
1701,20170909213,20.0
1702,20170909223,20.0
1703,20170909233,20.0
1704,20170910003,13.0
1705,20170910013,13.0
1706,20170910023,9.0
1707,20170910033,8.0
1708,20170910043,7.0
1709,20170910053,7.0
1710,20170910063,7.0
1711,20170910073,8.0
1712,20170910083,14.0
1713,20170910093,15.0
1714,20170910103,19.0
1715,20170910113,19.0
1716,20170910123,19.0
1717,20170910133,19.0
1718,20170910143,19.0
1719,20170910153,19.0
1720,20170910163,19.0
1721,20170910173,19.0
1722,20170910183,19.0
1723,20170910193,19.0
1724,20170910203,19.0
1725,20170910213,19.0
1726,20170910223,19.0
1727,20170910233,19.0
1728,20170911003,13.0
1729,20170911013,13.0
1730,20170911023,9.0
1731,20170911033,8.0
1732,20170911043,8.0
1733,20170911053,8.0
1734,20170911063,8.0
1735,20170911073,8.0
1736,20170911083,16.0
1737,20170911093,17.0
1738,20170911103,23.0
1739,20170911113,23.0
1740,20170911123,24.0
1741,20170911133,24.0
1742,20170911143,23.0
1743,20170911153,23.0
1744,20170911163,23.0
1745,20170911173,23.0
1746,20170911183,23.0
1747,20170911193,23.0
1748,20170911203,23.0
1749,20170911213,23.0
1750,20170911223,23.0
1751,20170911233,23.0
1752,20170912003,13.0
1753,20170912013,13.0
1754,20170912023,9.0
1755,20170912033,8.0
1756,20170912043,8.0
1757,20170912053,8.0
1758,20170912063,8.0
1759,20170912073,8.0
1760,20170912083,15.0
1761,20170912093,17.0
1762,20170912103,22.0
1763,20170912113,23.0
1764,20170912123,23.0
1765,20170912133,23.0
1766,20170912143,23.0
1767,20170912153,23.0
1768,20170912163,23.0
1769,20170912173,23.0
1770,20170912183,23.0
1771,20170912193,23.0
1772,20170912203,23.0
1773,20170912213,23.0
1774,20170912223,23.0
1775,20170912233,23.0
1776,20170913003,13.0
1777,20170913013,13.0
1778,20170913023,9.0
1779,20170913033,8.0
1780,20170913043,8.0
1781,20170913053,8.0
1782,20170913063,8.0
1783,20170913073,8.0
1784,20170913083,15.0
1785,20170913093,16.0
1786,20170913103,22.0
1787,20170913113,23.0
1788,20170913123,23.0
1789,20170913133,23.0
1790,20170913143,23.0
1791,20170913153,23.0
1792,20170913163,23.0
1793,20170913173,23.0
1794,20170913183,23.0
1795,20170913193,23.0
1796,20170913203,23.0
1797,20170913213,23.0
1798,20170913223,23.0
1799,20170913233,23.0
1800,20170914003,13.0
1801,20170914013,13.0
1802,20170914023,9.0
1803,20170914033,8.0
1804,20170914043,8.0
1805,20170914053,8.0
1806,20170914063,8.0
1807,20170914073,8.0
1808,20170914083,15.0
1809,20170914093,16.0
1810,20170914103,22.0
1811,20170914113,23.0
1812,20170914123,23.0
1813,20170914133,23.0
1814,20170914143,23.0
1815,20170914153,23.0
1816,20170914163,23.0
1817,20170914173,23.0
1818,20170914183,23.0
1819,20170914193,23.0
1820,20170914203,23.0
1821,20170914213,23.0
1822,20170914223,23.0
1823,20170914233,23.0
1824,20170915003,13.0
1825,20170915013,13.0
1826,20170915023,9.0
1827,20170915033,8.0
1828,20170915043,8.0
1829,20170915053,8.0
1830,20170915063,8.0
1831,20170915073,8.0
1832,20170915083,15.0
1833,20170915093,16.0
1834,20170915103,21.0
1835,20170915113,22.0
1836,20170915123,22.0
1837,20170915133,22.0
1838,20170915143,22.0
1839,20170915153,22.0
1840,20170915163,22.0
1841,20170915173,22.0
1842,20170915183,22.0
1843,20170915193,22.0
1844,20170915203,22.0
1845,20170915213,22.0
1846,20170915223,22.0
1847,20170915233,22.0
1848,20170916003,13.0
1849,20170916013,13.0
1850,20170916023,9.0
1851,20170916033,8.0
1852,20170916043,8.0
1853,20170916053,8.0
1854,20170916063,8.0
1855,20170916073,8.0
1856,20170916083,15.0
1857,20170916093,15.0
1858,20170916103,20.0
1859,20170916113,21.0
1860,20170916123,21.0
1861,20170916133,21.0
1862,20170916143,21.0
1863,20170916153,20.0
1864,20170916163,20.0
1865,20170916173,20.0
1866,20170916183,21.0
1867,20170916193,20.0
1868,20170916203,20.0
1869,20170916213,20.0
1870,20170916223,20.0
1871,20170916233,20.0
1872,20170917003,13.0
1873,20170917013,13.0
1874,20170917023,9.0
1875,20170917033,8.0
1876,20170917043,8.0
1877,20170917053,8.0
1878,20170917063,8.0
1879,20170917073,8.0
1880,20170917083,14.0
1881,20170917093,15.0
1882,20170917103,19.0
1883,20170917113,20.0
1884,20170917123,20.0
1885,20170917133,20.0
1886,20170917143,20.0
1887,20170917153,19.0
1888,20170917163,19.0
1889,20170917173,19.0
1890,20170917183,20.0
1891,20170917193,19.0
1892,20170917203,19.0
1893,20170917213,19.0
1894,20170917223,19.0
1895,20170917233,19.0
1896,20170918003,11.0
1897,20170918013,11.0
1898,20170918023,9.0
1899,20170918033,8.0
1900,20170918043,8.0
1901,20170918053,8.0
1902,20170918063,8.0
1903,20170918073,8.0
1904,20170918083,16.0
1905,20170918093,17.0
1906,20170918103,23.0
1907,20170918113,24.0
1908,20170918123,24.0
1909,20170918133,24.0
1910,20170918143,24.0
1911,20170918153,24.0
1912,20170918163,24.0
1913,20170918173,24.0
1914,20170918183,24.0
1915,20170918193,23.0
1916,20170918203,23.0
1917,20170918213,23.0
1918,20170918223,23.0
1919,20170918233,23.0
1920,20170919003,11.0
1921,20170919013,11.0
1922,20170919023,9.0
1923,20170919033,8.0
1924,20170919043,8.0
1925,20170919053,8.0
1926,20170919063,8.0
1927,20170919073,8.0
1928,20170919083,15.0
1929,20170919093,17.0
1930,20170919103,23.0
1931,20170919113,25.0
1932,20170919123,26.0
1933,20170919133,26.0
1934,20170919143,26.0
1935,20170919153,25.0
1936,20170919163,25.0
1937,20170919173,25.0
1938,20170919183,25.0
1939,20170919193,25.0
1940,20170919203,25.0
1941,20170919213,25.0
1942,20170919223,25.0
1943,20170919233,25.0
1944,20170920003,11.0
1945,20170920013,11.0
1946,20170920023,9.0
1947,20170920033,8.0
1948,20170920043,8.0
1949,20170920053,8.0
1950,20170920063,8.0
1951,20170920073,8.0
1952,20170920083,15.0
1953,20170920093,17.0
1954,20170920103,25.0
1955,20170920113,26.0
1956,20170920123,26.0
1957,20170920133,26.0
1958,20170920143,26.0
1959,20170920153,26.0
1960,20170920163,26.0
1961,20170920173,26.0
1962,20170920183,26.0
1963,20170920193,26.0
1964,20170920203,26.0
1965,20170920213,26.0
1966,20170920223,26.0
1967,20170920233,26.0
1968,20170921003,11.0
1969,20170921013,11.0
1970,20170921023,9.0
1971,20170921033,8.0
1972,20170921043,8.0
1973,20170921053,8.0
1974,20170921063,8.0
1975,20170921073,8.0
1976,20170921083,15.0
1977,20170921093,19.0
1978,20170921103,25.0
1979,20170921113,27.0
1980,20170921123,27.0
1981,20170921133,27.0
1982,20170921143,27.0
1983,20170921153,27.0
1984,20170921163,27.0
1985,20170921173,27.0
1986,20170921183,27.0
1987,20170921193,27.0
1988,20170921203,27.0
1989,20170921213,27.0
1990,20170921223,27.0
1991,20170921233,27.0
1992,20170922003,11.0
1993,20170922013,11.0
1994,20170922023,9.0
1995,20170922033,8.0
1996,20170922043,8.0
1997,20170922053,8.0
1998,20170922063,8.0
1999,20170922073,8.0
2000,20170922083,15.0
2001,20170922093,19.0
2002,20170922103,25.0
2003,20170922113,27.0
2004,20170922123,27.0
2005,20170922133,27.0
2006,20170922143,27.0
2007,20170922153,27.0
2008,20170922163,27.0
2009,20170922173,27.0
2010,20170922183,27.0
2011,20170922193,27.0
2012,20170922203,27.0
2013,20170922213,27.0
2014,20170922223,27.0
2015,20170922233,27.0
2016,20170923003,11.0
2017,20170923013,11.0
2018,20170923023,9.0
2019,20170923033,8.0
2020,20170923043,8.0
2021,20170923053,8.0
2022,20170923063,8.0
2023,20170923073,8.0
2024,20170923083,15.0
2025,20170923093,19.0
2026,20170923103,25.0
2027,20170923113,26.0
2028,20170923123,26.0
2029,20170923133,26.0
2030,20170923143,26.0
2031,20170923153,26.0
2032,20170923163,26.0
2033,20170923173,26.0
2034,20170923183,26.0
2035,20170923193,26.0
2036,20170923203,26.0
2037,20170923213,25.0
2038,20170923223,25.0
2039,20170923233,26.0
2040,20170924003,11.0
2041,20170924013,11.0
2042,20170924023,9.0
2043,20170924033,8.0
2044,20170924043,8.0
2045,20170924053,8.0
2046,20170924063,8.0
2047,20170924073,8.0
2048,20170924083,15.0
2049,20170924093,19.0
2050,20170924103,24.0
2051,20170924113,25.0
2052,20170924123,25.0
2053,20170924133,25.0
2054,20170924143,25.0
2055,20170924153,25.0
2056,20170924163,25.0
2057,20170924173,25.0
2058,20170924183,25.0
2059,20170924193,25.0
2060,20170924203,25.0
2061,20170924213,25.0
2062,20170924223,25.0
2063,20170924233,25.0
2064,20170925003,11.0
2065,20170925013,11.0
2066,20170925023,9.0
2067,20170925033,8.0
2068,20170925043,8.0
2069,20170925053,8.0
2070,20170925063,8.0
2071,20170925073,8.0
2072,20170925083,16.0
2073,20170925093,19.0
2074,20170925103,25.0
2075,20170925113,26.0
2076,20170925123,26.0
2077,20170925133,26.0
2078,20170925143,26.0
2079,20170925153,26.0
2080,20170925163,26.0
2081,20170925173,26.0
2082,20170925183,26.0
2083,20170925193,26.0
2084,20170925203,26.0
2085,20170925213,26.0
2086,20170925223,26.0
2087,20170925233,26.0
2088,20170926003,11.0
2089,20170926013,11.0
2090,20170926023,9.0
2091,20170926033,8.0
2092,20170926043,8.0
2093,20170926053,8.0
2094,20170926063,8.0
2095,20170926073,8.0
2096,20170926083,16.0
2097,20170926093,18.0
2098,20170926103,25.0
2099,20170926113,26.0
2100,20170926123,26.0
2101,20170926133,26.0
2102,20170926143,26.0
2103,20170926153,26.0
2104,20170926163,26.0
2105,20170926173,26.0
2106,20170926183,26.0
2107,20170926193,26.0
2108,20170926203,26.0
2109,20170926213,26.0
2110,20170926223,26.0
2111,20170926233,26.0
2112,20170927003,12.0
2113,20170927013,12.0
2114,20170927023,9.0
2115,20170927033,8.0
2116,20170927043,8.0
2117,20170927053,8.0
2118,20170927063,8.0
2119,20170927073,8.0
2120,20170927083,16.0
2121,20170927093,18.0
2122,20170927103,25.0
2123,20170927113,26.0
2124,20170927123,26.0
2125,20170927133,26.0
2126,20170927143,26.0
2127,20170927153,26.0
2128,20170927163,26.0
2129,20170927173,26.0
2130,20170927183,26.0
2131,20170927193,26.0
2132,20170927203,26.0
2133,20170927213,26.0
2134,20170927223,26.0
2135,20170927233,26.0
2136,20170928003,12.0
2137,20170928013,12.0
2138,20170928023,9.0
2139,20170928033,8.0
2140,20170928043,8.0
2141,20170928053,8.0
2142,20170928063,8.0
2143,20170928073,8.0
2144,20170928083,16.0
2145,20170928093,18.0
2146,20170928103,25.0
2147,20170928113,27.0
2148,20170928123,27.0
2149,20170928133,27.0
2150,20170928143,27.0
2151,20170928153,27.0
2152,20170928163,27.0
2153,20170928173,27.0
2154,20170928183,27.0
2155,20170928193,27.0
2156,20170928203,26.0
2157,20170928213,26.0
2158,20170928223,26.0
2159,20170928233,27.0
2160,20170929003,12.0
2161,20170929013,12.0
2162,20170929023,9.0
2163,20170929033,8.0
2164,20170929043,8.0
2165,20170929053,8.0
2166,20170929063,8.0
2167,20170929073,8.0
2168,20170929083,16.0
2169,20170929093,18.0
2170,20170929103,25.0
2171,20170929113,27.0
2172,20170929123,27.0
2173,20170929133,27.0
2174,20170929143,27.0
2175,20170929153,27.0
2176,20170929163,27.0
2177,20170929173,27.0
2178,20170929183,27.0
2179,20170929193,27.0
2180,20170929203,27.0
2181,20170929213,27.0
2182,20170929223,27.0
2183,20170929233,27.0
2184,20170930003,12.0
2185,20170930013,12.0
2186,20170930023,9.0
2187,20170930033,8.0
2188,20170930043,8.0
2189,20170930053,8.0
2190,20170930063,8.0
2191,20170930073,8.0
2192,20170930083,16.0
2193,20170930093,18.0
2194,20170930103,25.0
2195,20170930113,26.0
2196,20170930123,26.0
2197,20170930133,26.0
2198,20170930143,26.0
2199,20170930153,26.0
2200,20170930163,26.0
2201,20170930173,26.0
2202,20170930183,26.0
2203,20170930193,26.0
2204,20170930203,26.0
2205,20170930213,26.0
2206,20170930223,26.0
2207,20170930233,26.0
2208,20171001003,11.0
2209,20171001013,11.0
2210,20171001023,9.0
2211,20171001033,8.0
2212,20171001043,8.0
2213,20171001053,8.0
2214,20171001063,8.0
2215,20171001073,8.0
2216,20171001083,15.0
2217,20171001093,16.0
2218,20171001103,21.0
2219,20171001113,21.0
2220,20171001123,21.0
2221,20171001133,21.0
2222,20171001143,21.0
2223,20171001153,21.0
2224,20171001163,21.0
2225,20171001173,21.0
2226,20171001183,21.0
2227,20171001193,21.0
2228,20171001203,21.0
2229,20171001213,21.0
2230,20171001223,21.0
2231,20171001233,21.0
2232,20171002003,11.0
2233,20171002013,11.0
2234,20171002023,9.0
2235,20171002033,8.0
2236,20171002043,8.0
2237,20171002053,8.0
2238,20171002063,8.0
2239,20171002073,8.0
2240,20171002083,16.0
2241,20171002093,17.0
2242,20171002103,23.0
2243,20171002113,24.0
2244,20171002123,24.0
2245,20171002133,24.0
2246,20171002143,24.0
2247,20171002153,24.0
2248,20171002163,24.0
2249,20171002173,24.0
2250,20171002183,24.0
2251,20171002193,23.0
2252,20171002203,23.0
2253,20171002213,23.0
2254,20171002223,23.0
2255,20171002233,23.0
2256,20171003003,11.0
2257,20171003013,11.0
2258,20171003023,9.0
2259,20171003033,8.0
2260,20171003043,8.0
2261,20171003053,8.0
2262,20171003063,8.0
2263,20171003073,8.0
2264,20171003083,16.0
2265,20171003093,17.0
2266,20171003103,22.0
2267,20171003113,23.0
2268,20171003123,23.0
2269,20171003133,23.0
2270,20171003143,23.0
2271,20171003153,23.0
2272,20171003163,23.0
2273,20171003173,23.0
2274,20171003183,23.0
2275,20171003193,23.0
2276,20171003203,23.0
2277,20171003213,23.0
2278,20171003223,23.0
2279,20171003233,23.0
2280,20171004003,11.0
2281,20171004013,11.0
2282,20171004023,9.0
2283,20171004033,8.0
2284,20171004043,8.0
2285,20171004053,8.0
2286,20171004063,8.0
2287,20171004073,8.0
2288,20171004083,15.0
2289,20171004093,17.0
2290,20171004103,22.0
2291,20171004113,23.0
2292,20171004123,23.0
2293,20171004133,23.0
2294,20171004143,23.0
2295,20171004153,23.0
2296,20171004163,23.0
2297,20171004173,23.0
2298,20171004183,23.0
2299,20171004193,23.0
2300,20171004203,23.0
2301,20171004213,23.0
2302,20171004223,23.0
2303,20171004233,23.0
2304,20171005003,11.0
2305,20171005013,11.0
2306,20171005023,9.0
2307,20171005033,8.0
2308,20171005043,8.0
2309,20171005053,8.0
2310,20171005063,8.0
2311,20171005073,8.0
2312,20171005083,15.0
2313,20171005093,16.0
2314,20171005103,22.0
2315,20171005113,23.0
2316,20171005123,23.0
2317,20171005133,23.0
2318,20171005143,23.0
2319,20171005153,23.0
2320,20171005163,23.0
2321,20171005173,23.0
2322,20171005183,23.0
2323,20171005193,23.0
2324,20171005203,23.0
2325,20171005213,23.0
2326,20171005223,23.0
2327,20171005233,23.0
2328,20171006003,11.0
2329,20171006013,11.0
2330,20171006023,9.0
2331,20171006033,8.0
2332,20171006043,8.0
2333,20171006053,8.0
2334,20171006063,8.0
2335,20171006073,8.0
2336,20171006083,15.0
2337,20171006093,16.0
2338,20171006103,21.0
2339,20171006113,22.0
2340,20171006123,22.0
2341,20171006133,22.0
2342,20171006143,22.0
2343,20171006153,22.0
2344,20171006163,22.0
2345,20171006173,22.0
2346,20171006183,22.0
2347,20171006193,22.0
2348,20171006203,22.0
2349,20171006213,22.0
2350,20171006223,22.0
2351,20171006233,22.0
2352,20171007003,11.0
2353,20171007013,11.0
2354,20171007023,9.0
2355,20171007033,8.0
2356,20171007043,8.0
2357,20171007053,8.0
2358,20171007063,8.0
2359,20171007073,8.0
2360,20171007083,15.0
2361,20171007093,15.0
2362,20171007103,20.0
2363,20171007113,20.0
2364,20171007123,20.0
2365,20171007133,20.0
2366,20171007143,20.0
2367,20171007153,20.0
2368,20171007163,20.0
2369,20171007173,20.0
2370,20171007183,20.0
2371,20171007193,20.0
2372,20171007203,20.0
2373,20171007213,20.0
2374,20171007223,20.0
2375,20171007233,20.0
2376,20171008003,11.0
2377,20171008013,11.0
2378,20171008023,9.0
2379,20171008033,8.0
2380,20171008043,7.0
2381,20171008053,7.0
2382,20171008063,8.0
2383,20171008073,8.0
2384,20171008083,14.0
2385,20171008093,14.0
2386,20171008103,19.0
2387,20171008113,19.0
2388,20171008123,19.0
2389,20171008133,19.0
2390,20171008143,19.0
2391,20171008153,19.0
2392,20171008163,19.0
2393,20171008173,19.0
2394,20171008183,20.0
2395,20171008193,19.0
2396,20171008203,19.0
2397,20171008213,19.0
2398,20171008223,19.0
2399,20171008233,20.0
2400,20171009003,11.0
2401,20171009013,11.0
2402,20171009023,9.0
2403,20171009033,8.0
2404,20171009043,8.0
2405,20171009053,8.0
2406,20171009063,8.0
2407,20171009073,8.0
2408,20171009083,16.0
2409,20171009093,17.0
2410,20171009103,22.0
2411,20171009113,23.0
2412,20171009123,23.0
2413,20171009133,23.0
2414,20171009143,23.0
2415,20171009153,23.0
2416,20171009163,23.0
2417,20171009173,23.0
2418,20171009183,24.0
2419,20171009193,23.0
2420,20171009203,23.0
2421,20171009213,23.0
2422,20171009223,23.0
2423,20171009233,23.0
2424,20171010003,11.0
2425,20171010013,11.0
2426,20171010023,9.0
2427,20171010033,8.0
2428,20171010043,8.0
2429,20171010053,8.0
2430,20171010063,8.0
2431,20171010073,8.0
2432,20171010083,15.0
2433,20171010093,17.0
2434,20171010103,22.0
2435,20171010113,23.0
2436,20171010123,23.0
2437,20171010133,23.0
2438,20171010143,23.0
2439,20171010153,23.0
2440,20171010163,23.0
2441,20171010173,23.0
2442,20171010183,23.0
2443,20171010193,23.0
2444,20171010203,23.0
2445,20171010213,23.0
2446,20171010223,23.0
2447,20171010233,23.0
2448,20171011003,11.0
2449,20171011013,11.0
2450,20171011023,9.0
2451,20171011033,8.0
2452,20171011043,8.0
2453,20171011053,8.0
2454,20171011063,8.0
2455,20171011073,8.0
2456,20171011083,15.0
2457,20171011093,16.0
2458,20171011103,22.0
2459,20171011113,23.0
2460,20171011123,23.0
2461,20171011133,23.0
2462,20171011143,23.0
2463,20171011153,23.0
2464,20171011163,23.0
2465,20171011173,23.0
2466,20171011183,23.0
2467,20171011193,23.0
2468,20171011203,23.0
2469,20171011213,23.0
2470,20171011223,23.0
2471,20171011233,23.0
2472,20171012003,11.0
2473,20171012013,11.0
2474,20171012023,9.0
2475,20171012033,8.0
2476,20171012043,8.0
2477,20171012053,8.0
2478,20171012063,8.0
2479,20171012073,8.0
2480,20171012083,15.0
2481,20171012093,16.0
2482,20171012103,22.0
2483,20171012113,23.0
2484,20171012123,23.0
2485,20171012133,23.0
2486,20171012143,23.0
2487,20171012153,23.0
2488,20171012163,23.0
2489,20171012173,23.0
2490,20171012183,23.0
2491,20171012193,23.0
2492,20171012203,23.0
2493,20171012213,23.0
2494,20171012223,23.0
2495,20171012233,23.0
2496,20171013003,11.0
2497,20171013013,11.0
2498,20171013023,9.0
2499,20171013033,8.0
2500,20171013043,8.0
2501,20171013053,8.0
2502,20171013063,8.0
2503,20171013073,8.0
2504,20171013083,15.0
2505,20171013093,16.0
2506,20171013103,21.0
2507,20171013113,22.0
2508,20171013123,22.0
2509,20171013133,22.0
2510,20171013143,22.0
2511,20171013153,22.0
2512,20171013163,22.0
2513,20171013173,22.0
2514,20171013183,22.0
2515,20171013193,22.0
2516,20171013203,22.0
2517,20171013213,22.0
2518,20171013223,22.0
2519,20171013233,22.0
2520,20171014003,11.0
2521,20171014013,11.0
2522,20171014023,9.0
2523,20171014033,8.0
2524,20171014043,8.0
2525,20171014053,8.0
2526,20171014063,8.0
2527,20171014073,8.0
2528,20171014083,15.0
2529,20171014093,15.0
2530,20171014103,20.0
2531,20171014113,21.0
2532,20171014123,21.0
2533,20171014133,21.0
2534,20171014143,21.0
2535,20171014153,20.0
2536,20171014163,20.0
2537,20171014173,20.0
2538,20171014183,21.0
2539,20171014193,20.0
2540,20171014203,20.0
2541,20171014213,20.0
2542,20171014223,20.0
2543,20171014233,20.0
2544,20171015003,11.0
2545,20171015013,11.0
2546,20171015023,9.0
2547,20171015033,8.0
2548,20171015043,8.0
2549,20171015053,8.0
2550,20171015063,8.0
2551,20171015073,8.0
2552,20171015083,14.0
2553,20171015093,14.0
2554,20171015103,19.0
2555,20171015113,20.0
2556,20171015123,20.0
2557,20171015133,20.0
2558,20171015143,20.0
2559,20171015153,19.0
2560,20171015163,19.0
2561,20171015173,19.0
2562,20171015183,20.0
2563,20171015193,20.0
2564,20171015203,20.0
2565,20171015213,19.0
2566,20171015223,19.0
2567,20171015233,20.0
2568,20171016003,11.0
2569,20171016013,11.0
2570,20171016023,9.0
2571,20171016033,8.0
2572,20171016043,8.0
2573,20171016053,8.0
2574,20171016063,8.0
2575,20171016073,8.0
2576,20171016083,16.0
2577,20171016093,17.0
2578,20171016103,23.0
2579,20171016113,24.0
2580,20171016123,24.0
2581,20171016133,24.0
2582,20171016143,24.0
2583,20171016153,23.0
2584,20171016163,23.0
2585,20171016173,23.0
2586,20171016183,24.0
2587,20171016193,24.0
2588,20171016203,23.0
2589,20171016213,23.0
2590,20171016223,23.0
2591,20171016233,23.0
2592,20171017003,11.0
2593,20171017013,11.0
2594,20171017023,9.0
2595,20171017033,8.0
2596,20171017043,8.0
2597,20171017053,8.0
2598,20171017063,8.0
2599,20171017073,8.0
2600,20171017083,15.0
2601,20171017093,16.0
2602,20171017103,23.0
2603,20171017113,24.0
2604,20171017123,24.0
2605,20171017133,24.0
2606,20171017143,24.0
2607,20171017153,24.0
2608,20171017163,24.0
2609,20171017173,24.0
2610,20171017183,24.0
2611,20171017193,24.0
2612,20171017203,24.0
2613,20171017213,24.0
2614,20171017223,24.0
2615,20171017233,24.0
2616,20171018003,11.0
2617,20171018013,11.0
2618,20171018023,9.0
2619,20171018033,8.0
2620,20171018043,8.0
2621,20171018053,8.0
2622,20171018063,8.0
2623,20171018073,8.0
2624,20171018083,15.0
2625,20171018093,16.0
2626,20171018103,23.0
2627,20171018113,24.0
2628,20171018123,24.0
2629,20171018133,24.0
2630,20171018143,25.0
2631,20171018153,25.0
2632,20171018163,25.0
2633,20171018173,25.0
2634,20171018183,25.0
2635,20171018193,24.0
2636,20171018203,24.0
2637,20171018213,24.0
2638,20171018223,24.0
2639,20171018233,24.0
2640,20171019003,11.0
2641,20171019013,11.0
2642,20171019023,9.0
2643,20171019033,8.0
2644,20171019043,8.0
2645,20171019053,8.0
2646,20171019063,8.0
2647,20171019073,8.0
2648,20171019083,15.0
2649,20171019093,16.0
2650,20171019103,23.0
2651,20171019113,25.0
2652,20171019123,25.0
2653,20171019133,25.0
2654,20171019143,25.0
2655,20171019153,25.0
2656,20171019163,25.0
2657,20171019173,25.0
2658,20171019183,25.0
2659,20171019193,25.0
2660,20171019203,25.0
2661,20171019213,25.0
2662,20171019223,25.0
2663,20171019233,25.0
2664,20171020003,12.0
2665,20171020013,12.0
2666,20171020023,10.0
2667,20171020033,8.0
2668,20171020043,8.0
2669,20171020053,8.0
2670,20171020063,8.0
2671,20171020073,8.0
2672,20171020083,15.0
2673,20171020093,16.0
2674,20171020103,24.0
2675,20171020113,26.0
2676,20171020123,26.0
2677,20171020133,26.0
2678,20171020143,26.0
2679,20171020153,26.0
2680,20171020163,26.0
2681,20171020173,26.0
2682,20171020183,26.0
2683,20171020193,26.0
2684,20171020203,26.0
2685,20171020213,26.0
2686,20171020223,26.0
2687,20171020233,26.0
2688,20171021003,12.0
2689,20171021013,12.0
2690,20171021023,10.0
2691,20171021033,8.0
2692,20171021043,8.0
2693,20171021053,8.0
2694,20171021063,8.0
2695,20171021073,8.0
2696,20171021083,15.0
2697,20171021093,16.0
2698,20171021103,25.0
2699,20171021113,26.0
2700,20171021123,26.0
2701,20171021133,26.0
2702,20171021143,26.0
2703,20171021153,26.0
2704,20171021163,26.0
2705,20171021173,26.0
2706,20171021183,26.0
2707,20171021193,26.0
2708,20171021203,25.0
2709,20171021213,25.0
2710,20171021223,25.0
2711,20171021233,26.0
2712,20171022003,12.0
2713,20171022013,12.0
2714,20171022023,10.0
2715,20171022033,8.0
2716,20171022043,8.0
2717,20171022053,8.0
2718,20171022063,8.0
2719,20171022073,8.0
2720,20171022083,15.0
2721,20171022093,16.0
2722,20171022103,24.0
2723,20171022113,26.0
2724,20171022123,26.0
2725,20171022133,26.0
2726,20171022143,26.0
2727,20171022153,26.0
2728,20171022163,26.0
2729,20171022173,26.0
2730,20171022183,26.0
2731,20171022193,25.0
2732,20171022203,25.0
2733,20171022213,25.0
2734,20171022223,25.0
2735,20171022233,25.0
2736,20171023003,11.0
2737,20171023013,11.0
2738,20171023023,10.0
2739,20171023033,8.0
2740,20171023043,8.0
2741,20171023053,8.0
2742,20171023063,8.0
2743,20171023073,8.0
2744,20171023083,16.0
2745,20171023093,17.0
2746,20171023103,26.0
2747,20171023113,27.0
2748,20171023123,27.0
2749,20171023133,27.0
2750,20171023143,27.0
2751,20171023153,27.0
2752,20171023163,27.0
2753,20171023173,27.0
2754,20171023183,27.0
2755,20171023193,27.0
2756,20171023203,27.0
2757,20171023213,27.0
2758,20171023223,27.0
2759,20171023233,27.0
2760,20171024003,11.0
2761,20171024013,11.0
2762,20171024023,10.0
2763,20171024033,8.0
2764,20171024043,8.0
2765,20171024053,8.0
2766,20171024063,8.0
2767,20171024073,8.0
2768,20171024083,16.0
2769,20171024093,18.0
2770,20171024103,25.0
2771,20171024113,26.0
2772,20171024123,27.0
2773,20171024133,27.0
2774,20171024143,27.0
2775,20171024153,27.0
2776,20171024163,27.0
2777,20171024173,27.0
2778,20171024183,27.0
2779,20171024193,26.0
2780,20171024203,26.0
2781,20171024213,26.0
2782,20171024223,26.0
2783,20171024233,26.0
2784,20171025003,11.0
2785,20171025013,11.0
2786,20171025023,10.0
2787,20171025033,8.0
2788,20171025043,8.0
2789,20171025053,8.0
2790,20171025063,8.0
2791,20171025073,8.0
2792,20171025083,15.0
2793,20171025093,18.0
2794,20171025103,25.0
2795,20171025113,26.0
2796,20171025123,26.0
2797,20171025133,26.0
2798,20171025143,26.0
2799,20171025153,26.0
2800,20171025163,26.0
2801,20171025173,26.0
2802,20171025183,26.0
2803,20171025193,26.0
2804,20171025203,26.0
2805,20171025213,26.0
2806,20171025223,26.0
2807,20171025233,26.0
2808,20171026003,11.0
2809,20171026013,11.0
2810,20171026023,10.0
2811,20171026033,8.0
2812,20171026043,8.0
2813,20171026053,8.0
2814,20171026063,8.0
2815,20171026073,8.0
2816,20171026083,15.0
2817,20171026093,17.0
2818,20171026103,23.0
2819,20171026113,24.0
2820,20171026123,24.0
2821,20171026133,24.0
2822,20171026143,24.0
2823,20171026153,24.0
2824,20171026163,24.0
2825,20171026173,24.0
2826,20171026183,24.0
2827,20171026193,24.0
2828,20171026203,24.0
2829,20171026213,24.0
2830,20171026223,24.0
2831,20171026233,24.0
2832,20171027003,11.0
2833,20171027013,11.0
2834,20171027023,10.0
2835,20171027033,8.0
2836,20171027043,8.0
2837,20171027053,8.0
2838,20171027063,8.0
2839,20171027073,8.0
2840,20171027083,15.0
2841,20171027093,16.0
2842,20171027103,22.0
2843,20171027113,24.0
2844,20171027123,24.0
2845,20171027133,24.0
2846,20171027143,24.0
2847,20171027153,23.0
2848,20171027163,23.0
2849,20171027173,24.0
2850,20171027183,24.0
2851,20171027193,24.0
2852,20171027203,23.0
2853,20171027213,23.0
2854,20171027223,23.0
2855,20171027233,24.0
2856,20171028003,11.0
2857,20171028013,11.0
2858,20171028023,10.0
2859,20171028033,8.0
2860,20171028043,8.0
2861,20171028053,8.0
2862,20171028063,8.0
2863,20171028073,8.0
2864,20171028083,14.0
2865,20171028093,15.0
2866,20171028103,20.0
2867,20171028113,22.0
2868,20171028123,22.0
2869,20171028133,22.0
2870,20171028143,22.0
2871,20171028153,22.0
2872,20171028163,22.0
2873,20171028173,22.0
2874,20171028183,22.0
2875,20171028193,22.0
2876,20171028203,21.0
2877,20171028213,21.0
2878,20171028223,21.0
2879,20171028233,22.0
2880,20171029003,11.0
2881,20171029013,11.0
2882,20171029023,10.0
2883,20171029033,8.0
2884,20171029043,8.0
2885,20171029053,8.0
2886,20171029063,8.0
2887,20171029073,8.0
2888,20171029083,15.0
2889,20171029093,15.0
2890,20171029103,18.0
2891,20171029113,19.0
2892,20171029123,19.0
2893,20171029133,19.0
2894,20171029143,19.0
2895,20171029153,19.0
2896,20171029163,19.0
2897,20171029173,19.0
2898,20171029183,19.0
2899,20171029193,19.0
2900,20171029203,19.0
2901,20171029213,19.0
2902,20171029223,19.0
2903,20171029233,19.0
2904,20171030003,11.0
2905,20171030013,11.0
2906,20171030023,9.0
2907,20171030033,8.0
2908,20171030043,8.0
2909,20171030053,8.0
2910,20171030063,8.0
2911,20171030073,9.0
2912,20171030083,15.0
2913,20171030093,16.0
2914,20171030103,22.0
2915,20171030113,22.0
2916,20171030123,22.0
2917,20171030133,22.0
2918,20171030143,22.0
2919,20171030153,22.0
2920,20171030163,22.0
2921,20171030173,22.0
2922,20171030183,22.0
2923,20171030193,22.0
2924,20171030203,22.0
2925,20171030213,22.0
2926,20171030223,22.0
2927,20171030233,22.0
2928,20171031003,11.0
2929,20171031013,11.0
2930,20171031023,9.0
2931,20171031033,8.0
2932,20171031043,8.0
2933,20171031053,8.0
2934,20171031063,8.0
2935,20171031073,8.0
2936,20171031083,15.0
2937,20171031093,16.0
2938,20171031103,21.0
2939,20171031113,23.0
2940,20171031123,23.0
2941,20171031133,23.0
2942,20171031143,23.0
2943,20171031153,22.0
2944,20171031163,22.0
2945,20171031173,22.0
2946,20171031183,22.0
2947,20171031193,22.0
2948,20171031203,22.0
2949,20171031213,22.0
2950,20171031223,22.0
2951,20171031233,22.0
0,20170701004,8.0
1,20170701014,8.0
2,20170701024,7.0
3,20170701034,6.0
4,20170701044,5.0
5,20170701054,5.0
6,20170701064,5.0
7,20170701074,6.0
8,20170701084,7.0
9,20170701094,8.0
10,20170701104,9.0
11,20170701114,10.0
12,20170701124,11.0
13,20170701134,11.0
14,20170701144,11.0
15,20170701154,10.0
16,20170701164,11.0
17,20170701174,10.0
18,20170701184,10.0
19,20170701194,10.0
20,20170701204,10.0
21,20170701214,10.0
22,20170701224,10.0
23,20170701234,10.0
24,20170702004,8.0
25,20170702014,8.0
26,20170702024,8.0
27,20170702034,6.0
28,20170702044,5.0
29,20170702054,5.0
30,20170702064,5.0
31,20170702074,6.0
32,20170702084,8.0
33,20170702094,9.0
34,20170702104,10.0
35,20170702114,10.0
36,20170702124,10.0
37,20170702134,10.0
38,20170702144,10.0
39,20170702154,10.0
40,20170702164,10.0
41,20170702174,10.0
42,20170702184,10.0
43,20170702194,10.0
44,20170702204,10.0
45,20170702214,10.0
46,20170702224,10.0
47,20170702234,10.0
48,20170703004,9.0
49,20170703014,9.0
50,20170703024,8.0
51,20170703034,5.0
52,20170703044,5.0
53,20170703054,5.0
54,20170703064,5.0
55,20170703074,6.0
56,20170703084,10.0
57,20170703094,11.0
58,20170703104,14.0
59,20170703114,14.0
60,20170703124,14.0
61,20170703134,14.0
62,20170703144,14.0
63,20170703154,14.0
64,20170703164,14.0
65,20170703174,14.0
66,20170703184,14.0
67,20170703194,14.0
68,20170703204,14.0
69,20170703214,14.0
70,20170703224,14.0
71,20170703234,14.0
72,20170704004,9.0
73,20170704014,9.0
74,20170704024,8.0
75,20170704034,5.0
76,20170704044,5.0
77,20170704054,5.0
78,20170704064,5.0
79,20170704074,6.0
80,20170704084,11.0
81,20170704094,11.0
82,20170704104,14.0
83,20170704114,14.0
84,20170704124,14.0
85,20170704134,14.0
86,20170704144,14.0
87,20170704154,14.0
88,20170704164,14.0
89,20170704174,14.0
90,20170704184,14.0
91,20170704194,14.0
92,20170704204,14.0
93,20170704214,14.0
94,20170704224,14.0
95,20170704234,14.0
96,20170705004,9.0
97,20170705014,10.0
98,20170705024,9.0
99,20170705034,5.0
100,20170705044,5.0
101,20170705054,5.0
102,20170705064,5.0
103,20170705074,6.0
104,20170705084,11.0
105,20170705094,11.0
106,20170705104,14.0
107,20170705114,14.0
108,20170705124,14.0
109,20170705134,14.0
110,20170705144,14.0
111,20170705154,14.0
112,20170705164,14.0
113,20170705174,14.0
114,20170705184,14.0
115,20170705194,14.0
116,20170705204,14.0
117,20170705214,14.0
118,20170705224,14.0
119,20170705234,14.0
120,20170706004,9.0
121,20170706014,10.0
122,20170706024,9.0
123,20170706034,6.0
124,20170706044,5.0
125,20170706054,5.0
126,20170706064,5.0
127,20170706074,6.0
128,20170706084,11.0
129,20170706094,11.0
130,20170706104,14.0
131,20170706114,14.0
132,20170706124,14.0
133,20170706134,14.0
134,20170706144,14.0
135,20170706154,14.0
136,20170706164,14.0
137,20170706174,14.0
138,20170706184,14.0
139,20170706194,14.0
140,20170706204,14.0
141,20170706214,14.0
142,20170706224,14.0
143,20170706234,14.0
144,20170707004,9.0
145,20170707014,9.0
146,20170707024,8.0
147,20170707034,6.0
148,20170707044,5.0
149,20170707054,5.0
150,20170707064,5.0
151,20170707074,6.0
152,20170707084,10.0
153,20170707094,10.0
154,20170707104,13.0
155,20170707114,13.0
156,20170707124,13.0
157,20170707134,13.0
158,20170707144,14.0
159,20170707154,13.0
160,20170707164,13.0
161,20170707174,13.0
162,20170707184,13.0
163,20170707194,13.0
164,20170707204,13.0
165,20170707214,13.0
166,20170707224,13.0
167,20170707234,13.0
168,20170708004,8.0
169,20170708014,8.0
170,20170708024,8.0
171,20170708034,6.0
172,20170708044,5.0
173,20170708054,5.0
174,20170708064,5.0
175,20170708074,6.0
176,20170708084,10.0
177,20170708094,10.0
178,20170708104,11.0
179,20170708114,11.0
180,20170708124,11.0
181,20170708134,12.0
182,20170708144,12.0
183,20170708154,12.0
184,20170708164,11.0
185,20170708174,11.0
186,20170708184,11.0
187,20170708194,11.0
188,20170708204,11.0
189,20170708214,11.0
190,20170708224,11.0
191,20170708234,11.0
192,20170709004,8.0
193,20170709014,8.0
194,20170709024,8.0
195,20170709034,5.0
196,20170709044,5.0
197,20170709054,5.0
198,20170709064,5.0
199,20170709074,6.0
200,20170709084,10.0
201,20170709094,10.0
202,20170709104,10.0
203,20170709114,10.0
204,20170709124,10.0
205,20170709134,10.0
206,20170709144,10.0
207,20170709154,10.0
208,20170709164,10.0
209,20170709174,10.0
210,20170709184,10.0
211,20170709194,10.0
212,20170709204,10.0
213,20170709214,10.0
214,20170709224,10.0
215,20170709234,10.0
216,20170710004,9.0
217,20170710014,9.0
218,20170710024,8.0
219,20170710034,5.0
220,20170710044,5.0
221,20170710054,5.0
222,20170710064,5.0
223,20170710074,5.0
224,20170710084,11.0
225,20170710094,11.0
226,20170710104,14.0
227,20170710114,14.0
228,20170710124,14.0
229,20170710134,14.0
230,20170710144,14.0
231,20170710154,14.0
232,20170710164,14.0
233,20170710174,14.0
234,20170710184,14.0
235,20170710194,14.0
236,20170710204,14.0
237,20170710214,14.0
238,20170710224,14.0
239,20170710234,14.0
240,20170711004,9.0
241,20170711014,10.0
242,20170711024,8.0
243,20170711034,5.0
244,20170711044,5.0
245,20170711054,5.0
246,20170711064,5.0
247,20170711074,5.0
248,20170711084,11.0
249,20170711094,11.0
250,20170711104,14.0
251,20170711114,14.0
252,20170711124,14.0
253,20170711134,14.0
254,20170711144,14.0
255,20170711154,14.0
256,20170711164,14.0
257,20170711174,14.0
258,20170711184,14.0
259,20170711194,14.0
260,20170711204,14.0
261,20170711214,14.0
262,20170711224,14.0
263,20170711234,14.0
264,20170712004,10.0
265,20170712014,10.0
266,20170712024,9.0
267,20170712034,5.0
268,20170712044,5.0
269,20170712054,5.0
270,20170712064,5.0
271,20170712074,6.0
272,20170712084,11.0
273,20170712094,11.0
274,20170712104,14.0
275,20170712114,14.0
276,20170712124,14.0
277,20170712134,14.0
278,20170712144,14.0
279,20170712154,14.0
280,20170712164,14.0
281,20170712174,14.0
282,20170712184,14.0
283,20170712194,14.0
284,20170712204,14.0
285,20170712214,14.0
286,20170712224,14.0
287,20170712234,14.0
288,20170713004,10.0
289,20170713014,10.0
290,20170713024,9.0
291,20170713034,6.0
292,20170713044,5.0
293,20170713054,5.0
294,20170713064,5.0
295,20170713074,6.0
296,20170713084,11.0
297,20170713094,11.0
298,20170713104,14.0
299,20170713114,14.0
300,20170713124,14.0
301,20170713134,14.0
302,20170713144,14.0
303,20170713154,14.0
304,20170713164,14.0
305,20170713174,14.0
306,20170713184,14.0
307,20170713194,14.0
308,20170713204,14.0
309,20170713214,14.0
310,20170713224,14.0
311,20170713234,14.0
312,20170714004,9.0
313,20170714014,9.0
314,20170714024,8.0
315,20170714034,6.0
316,20170714044,5.0
317,20170714054,5.0
318,20170714064,5.0
319,20170714074,6.0
320,20170714084,10.0
321,20170714094,10.0
322,20170714104,13.0
323,20170714114,13.0
324,20170714124,13.0
325,20170714134,13.0
326,20170714144,13.0
327,20170714154,13.0
328,20170714164,13.0
329,20170714174,13.0
330,20170714184,13.0
331,20170714194,13.0
332,20170714204,13.0
333,20170714214,13.0
334,20170714224,13.0
335,20170714234,13.0
336,20170715004,8.0
337,20170715014,8.0
338,20170715024,8.0
339,20170715034,5.0
340,20170715044,5.0
341,20170715054,5.0
342,20170715064,5.0
343,20170715074,5.0
344,20170715084,10.0
345,20170715094,10.0
346,20170715104,10.0
347,20170715114,11.0
348,20170715124,11.0
349,20170715134,11.0
350,20170715144,11.0
351,20170715154,11.0
352,20170715164,11.0
353,20170715174,10.0
354,20170715184,11.0
355,20170715194,11.0
356,20170715204,11.0
357,20170715214,11.0
358,20170715224,11.0
359,20170715234,11.0
360,20170716004,8.0
361,20170716014,8.0
362,20170716024,8.0
363,20170716034,5.0
364,20170716044,5.0
365,20170716054,5.0
366,20170716064,5.0
367,20170716074,5.0
368,20170716084,10.0
369,20170716094,10.0
370,20170716104,9.0
371,20170716114,9.0
372,20170716124,9.0
373,20170716134,9.0
374,20170716144,10.0
375,20170716154,10.0
376,20170716164,10.0
377,20170716174,10.0
378,20170716184,10.0
379,20170716194,10.0
380,20170716204,10.0
381,20170716214,10.0
382,20170716224,10.0
383,20170716234,10.0
384,20170717004,9.0
385,20170717014,9.0
386,20170717024,8.0
387,20170717034,5.0
388,20170717044,5.0
389,20170717054,5.0
390,20170717064,5.0
391,20170717074,5.0
392,20170717084,11.0
393,20170717094,11.0
394,20170717104,13.0
395,20170717114,14.0
396,20170717124,14.0
397,20170717134,14.0
398,20170717144,14.0
399,20170717154,14.0
400,20170717164,14.0
401,20170717174,14.0
402,20170717184,14.0
403,20170717194,14.0
404,20170717204,14.0
405,20170717214,14.0
406,20170717224,14.0
407,20170717234,14.0
408,20170718004,9.0
409,20170718014,10.0
410,20170718024,8.0
411,20170718034,5.0
412,20170718044,5.0
413,20170718054,5.0
414,20170718064,5.0
415,20170718074,5.0
416,20170718084,11.0
417,20170718094,11.0
418,20170718104,14.0
419,20170718114,14.0
420,20170718124,14.0
421,20170718134,14.0
422,20170718144,14.0
423,20170718154,14.0
424,20170718164,14.0
425,20170718174,14.0
426,20170718184,14.0
427,20170718194,14.0
428,20170718204,14.0
429,20170718214,14.0
430,20170718224,14.0
431,20170718234,14.0
432,20170719004,10.0
433,20170719014,10.0
434,20170719024,9.0
435,20170719034,5.0
436,20170719044,5.0
437,20170719054,5.0
438,20170719064,5.0
439,20170719074,6.0
440,20170719084,11.0
441,20170719094,11.0
442,20170719104,14.0
443,20170719114,14.0
444,20170719124,14.0
445,20170719134,14.0
446,20170719144,14.0
447,20170719154,14.0
448,20170719164,14.0
449,20170719174,14.0
450,20170719184,14.0
451,20170719194,14.0
452,20170719204,14.0
453,20170719214,14.0
454,20170719224,14.0
455,20170719234,14.0
456,20170720004,10.0
457,20170720014,10.0
458,20170720024,9.0
459,20170720034,5.0
460,20170720044,5.0
461,20170720054,5.0
462,20170720064,5.0
463,20170720074,6.0
464,20170720084,11.0
465,20170720094,11.0
466,20170720104,14.0
467,20170720114,14.0
468,20170720124,14.0
469,20170720134,14.0
470,20170720144,14.0
471,20170720154,14.0
472,20170720164,14.0
473,20170720174,14.0
474,20170720184,14.0
475,20170720194,14.0
476,20170720204,14.0
477,20170720214,14.0
478,20170720224,14.0
479,20170720234,14.0
480,20170721004,9.0
481,20170721014,9.0
482,20170721024,8.0
483,20170721034,5.0
484,20170721044,5.0
485,20170721054,5.0
486,20170721064,5.0
487,20170721074,6.0
488,20170721084,10.0
489,20170721094,10.0
490,20170721104,13.0
491,20170721114,13.0
492,20170721124,13.0
493,20170721134,13.0
494,20170721144,13.0
495,20170721154,13.0
496,20170721164,13.0
497,20170721174,13.0
498,20170721184,13.0
499,20170721194,13.0
500,20170721204,13.0
501,20170721214,13.0
502,20170721224,13.0
503,20170721234,13.0
504,20170722004,8.0
505,20170722014,8.0
506,20170722024,8.0
507,20170722034,5.0
508,20170722044,5.0
509,20170722054,5.0
510,20170722064,5.0
511,20170722074,6.0
512,20170722084,10.0
513,20170722094,10.0
514,20170722104,11.0
515,20170722114,11.0
516,20170722124,11.0
517,20170722134,11.0
518,20170722144,11.0
519,20170722154,11.0
520,20170722164,11.0
521,20170722174,11.0
522,20170722184,11.0
523,20170722194,11.0
524,20170722204,11.0
525,20170722214,11.0
526,20170722224,11.0
527,20170722234,11.0
528,20170723004,8.0
529,20170723014,8.0
530,20170723024,8.0
531,20170723034,5.0
532,20170723044,5.0
533,20170723054,5.0
534,20170723064,5.0
535,20170723074,6.0
536,20170723084,10.0
537,20170723094,10.0
538,20170723104,9.0
539,20170723114,9.0
540,20170723124,9.0
541,20170723134,9.0
542,20170723144,10.0
543,20170723154,10.0
544,20170723164,10.0
545,20170723174,10.0
546,20170723184,10.0
547,20170723194,10.0
548,20170723204,10.0
549,20170723214,10.0
550,20170723224,10.0
551,20170723234,10.0
552,20170724004,9.0
553,20170724014,9.0
554,20170724024,8.0
555,20170724034,5.0
556,20170724044,5.0
557,20170724054,5.0
558,20170724064,5.0
559,20170724074,5.0
560,20170724084,11.0
561,20170724094,11.0
562,20170724104,13.0
563,20170724114,14.0
564,20170724124,14.0
565,20170724134,14.0
566,20170724144,14.0
567,20170724154,14.0
568,20170724164,14.0
569,20170724174,14.0
570,20170724184,14.0
571,20170724194,14.0
572,20170724204,14.0
573,20170724214,14.0
574,20170724224,14.0
575,20170724234,14.0
576,20170725004,9.0
577,20170725014,10.0
578,20170725024,8.0
579,20170725034,5.0
580,20170725044,5.0
581,20170725054,5.0
582,20170725064,5.0
583,20170725074,5.0
584,20170725084,11.0
585,20170725094,11.0
586,20170725104,14.0
587,20170725114,14.0
588,20170725124,14.0
589,20170725134,14.0
590,20170725144,14.0
591,20170725154,14.0
592,20170725164,14.0
593,20170725174,14.0
594,20170725184,14.0
595,20170725194,14.0
596,20170725204,14.0
597,20170725214,14.0
598,20170725224,14.0
599,20170725234,14.0
600,20170726004,10.0
601,20170726014,10.0
602,20170726024,9.0
603,20170726034,5.0
604,20170726044,5.0
605,20170726054,5.0
606,20170726064,5.0
607,20170726074,6.0
608,20170726084,11.0
609,20170726094,11.0
610,20170726104,14.0
611,20170726114,14.0
612,20170726124,14.0
613,20170726134,14.0
614,20170726144,14.0
615,20170726154,14.0
616,20170726164,14.0
617,20170726174,14.0
618,20170726184,14.0
619,20170726194,14.0
620,20170726204,14.0
621,20170726214,14.0
622,20170726224,14.0
623,20170726234,14.0
624,20170727004,10.0
625,20170727014,10.0
626,20170727024,9.0
627,20170727034,5.0
628,20170727044,5.0
629,20170727054,5.0
630,20170727064,5.0
631,20170727074,6.0
632,20170727084,11.0
633,20170727094,11.0
634,20170727104,14.0
635,20170727114,14.0
636,20170727124,14.0
637,20170727134,14.0
638,20170727144,14.0
639,20170727154,14.0
640,20170727164,14.0
641,20170727174,14.0
642,20170727184,14.0
643,20170727194,14.0
644,20170727204,14.0
645,20170727214,14.0
646,20170727224,14.0
647,20170727234,14.0
648,20170728004,9.0
649,20170728014,9.0
650,20170728024,8.0
651,20170728034,6.0
652,20170728044,5.0
653,20170728054,5.0
654,20170728064,5.0
655,20170728074,6.0
656,20170728084,10.0
657,20170728094,10.0
658,20170728104,13.0
659,20170728114,13.0
660,20170728124,13.0
661,20170728134,13.0
662,20170728144,13.0
663,20170728154,13.0
664,20170728164,13.0
665,20170728174,13.0
666,20170728184,13.0
667,20170728194,13.0
668,20170728204,13.0
669,20170728214,13.0
670,20170728224,13.0
671,20170728234,13.0
672,20170729004,8.0
673,20170729014,8.0
674,20170729024,8.0
675,20170729034,6.0
676,20170729044,5.0
677,20170729054,5.0
678,20170729064,5.0
679,20170729074,6.0
680,20170729084,10.0
681,20170729094,10.0
682,20170729104,10.0
683,20170729114,10.0
684,20170729124,10.0
685,20170729134,10.0
686,20170729144,10.0
687,20170729154,10.0
688,20170729164,10.0
689,20170729174,10.0
690,20170729184,10.0
691,20170729194,10.0
692,20170729204,10.0
693,20170729214,10.0
694,20170729224,10.0
695,20170729234,10.0
696,20170730004,8.0
697,20170730014,8.0
698,20170730024,8.0
699,20170730034,5.0
700,20170730044,5.0
701,20170730054,5.0
702,20170730064,5.0
703,20170730074,6.0
704,20170730084,9.0
705,20170730094,10.0
706,20170730104,9.0
707,20170730114,9.0
708,20170730124,9.0
709,20170730134,9.0
710,20170730144,10.0
711,20170730154,10.0
712,20170730164,10.0
713,20170730174,10.0
714,20170730184,10.0
715,20170730194,10.0
716,20170730204,10.0
717,20170730214,10.0
718,20170730224,10.0
719,20170730234,10.0
720,20170731004,9.0
721,20170731014,9.0
722,20170731024,8.0
723,20170731034,5.0
724,20170731044,5.0
725,20170731054,5.0
726,20170731064,5.0
727,20170731074,5.0
728,20170731084,11.0
729,20170731094,11.0
730,20170731104,14.0
731,20170731114,14.0
732,20170731124,14.0
733,20170731134,15.0
734,20170731144,15.0
735,20170731154,15.0
736,20170731164,15.0
737,20170731174,14.0
738,20170731184,14.0
739,20170731194,14.0
740,20170731204,14.0
741,20170731214,14.0
742,20170731224,14.0
743,20170731234,14.0
744,20170801004,9.0
745,20170801014,9.0
746,20170801024,8.0
747,20170801034,5.0
748,20170801044,5.0
749,20170801054,5.0
750,20170801064,5.0
751,20170801074,5.0
752,20170801084,11.0
753,20170801094,11.0
754,20170801104,14.0
755,20170801114,14.0
756,20170801124,14.0
757,20170801134,14.0
758,20170801144,14.0
759,20170801154,14.0
760,20170801164,14.0
761,20170801174,14.0
762,20170801184,14.0
763,20170801194,14.0
764,20170801204,14.0
765,20170801214,14.0
766,20170801224,14.0
767,20170801234,14.0
768,20170802004,9.0
769,20170802014,10.0
770,20170802024,9.0
771,20170802034,5.0
772,20170802044,5.0
773,20170802054,5.0
774,20170802064,5.0
775,20170802074,6.0
776,20170802084,11.0
777,20170802094,11.0
778,20170802104,14.0
779,20170802114,14.0
780,20170802124,14.0
781,20170802134,14.0
782,20170802144,14.0
783,20170802154,14.0
784,20170802164,14.0
785,20170802174,14.0
786,20170802184,14.0
787,20170802194,14.0
788,20170802204,14.0
789,20170802214,14.0
790,20170802224,14.0
791,20170802234,14.0
792,20170803004,9.0
793,20170803014,9.0
794,20170803024,9.0
795,20170803034,6.0
796,20170803044,5.0
797,20170803054,5.0
798,20170803064,5.0
799,20170803074,6.0
800,20170803084,11.0
801,20170803094,11.0
802,20170803104,14.0
803,20170803114,14.0
804,20170803124,14.0
805,20170803134,14.0
806,20170803144,14.0
807,20170803154,14.0
808,20170803164,14.0
809,20170803174,14.0
810,20170803184,14.0
811,20170803194,14.0
812,20170803204,14.0
813,20170803214,14.0
814,20170803224,14.0
815,20170803234,14.0
816,20170804004,9.0
817,20170804014,9.0
818,20170804024,8.0
819,20170804034,6.0
820,20170804044,5.0
821,20170804054,5.0
822,20170804064,5.0
823,20170804074,6.0
824,20170804084,10.0
825,20170804094,10.0
826,20170804104,13.0
827,20170804114,13.0
828,20170804124,13.0
829,20170804134,13.0
830,20170804144,13.0
831,20170804154,13.0
832,20170804164,13.0
833,20170804174,13.0
834,20170804184,13.0
835,20170804194,13.0
836,20170804204,13.0
837,20170804214,13.0
838,20170804224,13.0
839,20170804234,13.0
840,20170805004,8.0
841,20170805014,8.0
842,20170805024,8.0
843,20170805034,6.0
844,20170805044,5.0
845,20170805054,5.0
846,20170805064,5.0
847,20170805074,6.0
848,20170805084,10.0
849,20170805094,10.0
850,20170805104,11.0
851,20170805114,11.0
852,20170805124,11.0
853,20170805134,11.0
854,20170805144,11.0
855,20170805154,11.0
856,20170805164,11.0
857,20170805174,11.0
858,20170805184,11.0
859,20170805194,11.0
860,20170805204,11.0
861,20170805214,11.0
862,20170805224,11.0
863,20170805234,11.0
864,20170806004,8.0
865,20170806014,8.0
866,20170806024,8.0
867,20170806034,6.0
868,20170806044,5.0
869,20170806054,5.0
870,20170806064,5.0
871,20170806074,6.0
872,20170806084,10.0
873,20170806094,10.0
874,20170806104,10.0
875,20170806114,10.0
876,20170806124,10.0
877,20170806134,10.0
878,20170806144,10.0
879,20170806154,10.0
880,20170806164,10.0
881,20170806174,10.0
882,20170806184,10.0
883,20170806194,10.0
884,20170806204,10.0
885,20170806214,10.0
886,20170806224,10.0
887,20170806234,10.0
888,20170807004,9.0
889,20170807014,9.0
890,20170807024,8.0
891,20170807034,5.0
892,20170807044,5.0
893,20170807054,5.0
894,20170807064,5.0
895,20170807074,5.0
896,20170807084,11.0
897,20170807094,11.0
898,20170807104,14.0
899,20170807114,14.0
900,20170807124,14.0
901,20170807134,14.0
902,20170807144,14.0
903,20170807154,14.0
904,20170807164,14.0
905,20170807174,14.0
906,20170807184,14.0
907,20170807194,14.0
908,20170807204,14.0
909,20170807214,14.0
910,20170807224,14.0
911,20170807234,14.0
912,20170808004,9.0
913,20170808014,9.0
914,20170808024,8.0
915,20170808034,5.0
916,20170808044,5.0
917,20170808054,5.0
918,20170808064,5.0
919,20170808074,5.0
920,20170808084,11.0
921,20170808094,11.0
922,20170808104,14.0
923,20170808114,14.0
924,20170808124,14.0
925,20170808134,14.0
926,20170808144,14.0
927,20170808154,14.0
928,20170808164,14.0
929,20170808174,14.0
930,20170808184,14.0
931,20170808194,14.0
932,20170808204,14.0
933,20170808214,14.0
934,20170808224,14.0
935,20170808234,14.0
936,20170809004,9.0
937,20170809014,10.0
938,20170809024,9.0
939,20170809034,5.0
940,20170809044,5.0
941,20170809054,5.0
942,20170809064,5.0
943,20170809074,6.0
944,20170809084,11.0
945,20170809094,11.0
946,20170809104,14.0
947,20170809114,14.0
948,20170809124,14.0
949,20170809134,14.0
950,20170809144,14.0
951,20170809154,14.0
952,20170809164,14.0
953,20170809174,14.0
954,20170809184,14.0
955,20170809194,14.0
956,20170809204,14.0
957,20170809214,14.0
958,20170809224,14.0
959,20170809234,14.0
960,20170810004,9.0
961,20170810014,10.0
962,20170810024,9.0
963,20170810034,5.0
964,20170810044,5.0
965,20170810054,5.0
966,20170810064,5.0
967,20170810074,6.0
968,20170810084,11.0
969,20170810094,11.0
970,20170810104,14.0
971,20170810114,14.0
972,20170810124,14.0
973,20170810134,14.0
974,20170810144,14.0
975,20170810154,14.0
976,20170810164,14.0
977,20170810174,14.0
978,20170810184,14.0
979,20170810194,14.0
980,20170810204,14.0
981,20170810214,14.0
982,20170810224,14.0
983,20170810234,14.0
984,20170811004,9.0
985,20170811014,9.0
986,20170811024,8.0
987,20170811034,5.0
988,20170811044,5.0
989,20170811054,5.0
990,20170811064,5.0
991,20170811074,6.0
992,20170811084,10.0
993,20170811094,10.0
994,20170811104,13.0
995,20170811114,13.0
996,20170811124,13.0
997,20170811134,13.0
998,20170811144,13.0
999,20170811154,13.0
1000,20170811164,13.0
1001,20170811174,13.0
1002,20170811184,13.0
1003,20170811194,13.0
1004,20170811204,13.0
1005,20170811214,13.0
1006,20170811224,13.0
1007,20170811234,13.0
1008,20170812004,8.0
1009,20170812014,8.0
1010,20170812024,8.0
1011,20170812034,5.0
1012,20170812044,5.0
1013,20170812054,5.0
1014,20170812064,5.0
1015,20170812074,5.0
1016,20170812084,10.0
1017,20170812094,10.0
1018,20170812104,11.0
1019,20170812114,11.0
1020,20170812124,11.0
1021,20170812134,11.0
1022,20170812144,11.0
1023,20170812154,11.0
1024,20170812164,11.0
1025,20170812174,10.0
1026,20170812184,11.0
1027,20170812194,11.0
1028,20170812204,11.0
1029,20170812214,11.0
1030,20170812224,11.0
1031,20170812234,11.0
1032,20170813004,8.0
1033,20170813014,8.0
1034,20170813024,8.0
1035,20170813034,5.0
1036,20170813044,5.0
1037,20170813054,5.0
1038,20170813064,5.0
1039,20170813074,5.0
1040,20170813084,10.0
1041,20170813094,10.0
1042,20170813104,9.0
1043,20170813114,9.0
1044,20170813124,9.0
1045,20170813134,9.0
1046,20170813144,10.0
1047,20170813154,10.0
1048,20170813164,10.0
1049,20170813174,10.0
1050,20170813184,10.0
1051,20170813194,10.0
1052,20170813204,10.0
1053,20170813214,10.0
1054,20170813224,10.0
1055,20170813234,10.0
1056,20170814004,9.0
1057,20170814014,9.0
1058,20170814024,8.0
1059,20170814034,5.0
1060,20170814044,5.0
1061,20170814054,5.0
1062,20170814064,5.0
1063,20170814074,5.0
1064,20170814084,11.0
1065,20170814094,11.0
1066,20170814104,13.0
1067,20170814114,14.0
1068,20170814124,14.0
1069,20170814134,14.0
1070,20170814144,14.0
1071,20170814154,14.0
1072,20170814164,14.0
1073,20170814174,14.0
1074,20170814184,14.0
1075,20170814194,14.0
1076,20170814204,14.0
1077,20170814214,14.0
1078,20170814224,14.0
1079,20170814234,14.0
1080,20170815004,9.0
1081,20170815014,10.0
1082,20170815024,8.0
1083,20170815034,5.0
1084,20170815044,5.0
1085,20170815054,5.0
1086,20170815064,5.0
1087,20170815074,5.0
1088,20170815084,11.0
1089,20170815094,11.0
1090,20170815104,14.0
1091,20170815114,14.0
1092,20170815124,14.0
1093,20170815134,14.0
1094,20170815144,14.0
1095,20170815154,14.0
1096,20170815164,14.0
1097,20170815174,14.0
1098,20170815184,14.0
1099,20170815194,14.0
1100,20170815204,14.0
1101,20170815214,14.0
1102,20170815224,14.0
1103,20170815234,14.0
1104,20170816004,10.0
1105,20170816014,10.0
1106,20170816024,9.0
1107,20170816034,5.0
1108,20170816044,5.0
1109,20170816054,5.0
1110,20170816064,5.0
1111,20170816074,6.0
1112,20170816084,11.0
1113,20170816094,11.0
1114,20170816104,14.0
1115,20170816114,14.0
1116,20170816124,14.0
1117,20170816134,14.0
1118,20170816144,14.0
1119,20170816154,14.0
1120,20170816164,14.0
1121,20170816174,14.0
1122,20170816184,14.0
1123,20170816194,14.0
1124,20170816204,14.0
1125,20170816214,14.0
1126,20170816224,14.0
1127,20170816234,14.0
1128,20170817004,10.0
1129,20170817014,10.0
1130,20170817024,9.0
1131,20170817034,5.0
1132,20170817044,5.0
1133,20170817054,5.0
1134,20170817064,5.0
1135,20170817074,6.0
1136,20170817084,11.0
1137,20170817094,11.0
1138,20170817104,14.0
1139,20170817114,14.0
1140,20170817124,14.0
1141,20170817134,14.0
1142,20170817144,14.0
1143,20170817154,14.0
1144,20170817164,14.0
1145,20170817174,14.0
1146,20170817184,14.0
1147,20170817194,14.0
1148,20170817204,14.0
1149,20170817214,14.0
1150,20170817224,14.0
1151,20170817234,14.0
1152,20170818004,9.0
1153,20170818014,9.0
1154,20170818024,8.0
1155,20170818034,5.0
1156,20170818044,5.0
1157,20170818054,5.0
1158,20170818064,5.0
1159,20170818074,6.0
1160,20170818084,10.0
1161,20170818094,10.0
1162,20170818104,13.0
1163,20170818114,13.0
1164,20170818124,13.0
1165,20170818134,13.0
1166,20170818144,13.0
1167,20170818154,13.0
1168,20170818164,13.0
1169,20170818174,13.0
1170,20170818184,13.0
1171,20170818194,13.0
1172,20170818204,13.0
1173,20170818214,13.0
1174,20170818224,13.0
1175,20170818234,13.0
1176,20170819004,8.0
1177,20170819014,8.0
1178,20170819024,8.0
1179,20170819034,5.0
1180,20170819044,5.0
1181,20170819054,5.0
1182,20170819064,5.0
1183,20170819074,5.0
1184,20170819084,10.0
1185,20170819094,10.0
1186,20170819104,10.0
1187,20170819114,10.0
1188,20170819124,11.0
1189,20170819134,11.0
1190,20170819144,11.0
1191,20170819154,11.0
1192,20170819164,11.0
1193,20170819174,10.0
1194,20170819184,10.0
1195,20170819194,11.0
1196,20170819204,11.0
1197,20170819214,11.0
1198,20170819224,11.0
1199,20170819234,11.0
1200,20170820004,8.0
1201,20170820014,8.0
1202,20170820024,8.0
1203,20170820034,5.0
1204,20170820044,5.0
1205,20170820054,5.0
1206,20170820064,5.0
1207,20170820074,5.0
1208,20170820084,10.0
1209,20170820094,10.0
1210,20170820104,9.0
1211,20170820114,9.0
1212,20170820124,9.0
1213,20170820134,9.0
1214,20170820144,10.0
1215,20170820154,10.0
1216,20170820164,10.0
1217,20170820174,10.0
1218,20170820184,10.0
1219,20170820194,10.0
1220,20170820204,10.0
1221,20170820214,10.0
1222,20170820224,10.0
1223,20170820234,10.0
1224,20170821004,9.0
1225,20170821014,9.0
1226,20170821024,8.0
1227,20170821034,5.0
1228,20170821044,5.0
1229,20170821054,5.0
1230,20170821064,5.0
1231,20170821074,5.0
1232,20170821084,11.0
1233,20170821094,11.0
1234,20170821104,13.0
1235,20170821114,14.0
1236,20170821124,14.0
1237,20170821134,14.0
1238,20170821144,14.0
1239,20170821154,14.0
1240,20170821164,14.0
1241,20170821174,14.0
1242,20170821184,14.0
1243,20170821194,14.0
1244,20170821204,14.0
1245,20170821214,14.0
1246,20170821224,14.0
1247,20170821234,14.0
1248,20170822004,9.0
1249,20170822014,10.0
1250,20170822024,8.0
1251,20170822034,5.0
1252,20170822044,5.0
1253,20170822054,5.0
1254,20170822064,5.0
1255,20170822074,5.0
1256,20170822084,11.0
1257,20170822094,11.0
1258,20170822104,14.0
1259,20170822114,14.0
1260,20170822124,14.0
1261,20170822134,14.0
1262,20170822144,14.0
1263,20170822154,14.0
1264,20170822164,14.0
1265,20170822174,14.0
1266,20170822184,14.0
1267,20170822194,14.0
1268,20170822204,14.0
1269,20170822214,14.0
1270,20170822224,14.0
1271,20170822234,14.0
1272,20170823004,9.0
1273,20170823014,10.0
1274,20170823024,9.0
1275,20170823034,5.0
1276,20170823044,5.0
1277,20170823054,5.0
1278,20170823064,5.0
1279,20170823074,6.0
1280,20170823084,11.0
1281,20170823094,11.0
1282,20170823104,14.0
1283,20170823114,14.0
1284,20170823124,14.0
1285,20170823134,14.0
1286,20170823144,14.0
1287,20170823154,14.0
1288,20170823164,14.0
1289,20170823174,14.0
1290,20170823184,14.0
1291,20170823194,14.0
1292,20170823204,14.0
1293,20170823214,14.0
1294,20170823224,14.0
1295,20170823234,14.0
1296,20170824004,9.0
1297,20170824014,10.0
1298,20170824024,9.0
1299,20170824034,5.0
1300,20170824044,5.0
1301,20170824054,5.0
1302,20170824064,5.0
1303,20170824074,6.0
1304,20170824084,11.0
1305,20170824094,11.0
1306,20170824104,14.0
1307,20170824114,14.0
1308,20170824124,14.0
1309,20170824134,14.0
1310,20170824144,14.0
1311,20170824154,14.0
1312,20170824164,14.0
1313,20170824174,14.0
1314,20170824184,14.0
1315,20170824194,14.0
1316,20170824204,14.0
1317,20170824214,14.0
1318,20170824224,14.0
1319,20170824234,14.0
1320,20170825004,9.0
1321,20170825014,9.0
1322,20170825024,8.0
1323,20170825034,5.0
1324,20170825044,5.0
1325,20170825054,5.0
1326,20170825064,5.0
1327,20170825074,6.0
1328,20170825084,10.0
1329,20170825094,10.0
1330,20170825104,13.0
1331,20170825114,13.0
1332,20170825124,13.0
1333,20170825134,13.0
1334,20170825144,13.0
1335,20170825154,13.0
1336,20170825164,13.0
1337,20170825174,13.0
1338,20170825184,13.0
1339,20170825194,13.0
1340,20170825204,13.0
1341,20170825214,13.0
1342,20170825224,13.0
1343,20170825234,13.0
1344,20170826004,8.0
1345,20170826014,8.0
1346,20170826024,8.0
1347,20170826034,5.0
1348,20170826044,5.0
1349,20170826054,5.0
1350,20170826064,5.0
1351,20170826074,5.0
1352,20170826084,10.0
1353,20170826094,10.0
1354,20170826104,10.0
1355,20170826114,10.0
1356,20170826124,10.0
1357,20170826134,10.0
1358,20170826144,10.0
1359,20170826154,10.0
1360,20170826164,10.0
1361,20170826174,10.0
1362,20170826184,10.0
1363,20170826194,10.0
1364,20170826204,10.0
1365,20170826214,10.0
1366,20170826224,10.0
1367,20170826234,10.0
1368,20170827004,8.0
1369,20170827014,8.0
1370,20170827024,8.0
1371,20170827034,5.0
1372,20170827044,5.0
1373,20170827054,5.0
1374,20170827064,5.0
1375,20170827074,5.0
1376,20170827084,9.0
1377,20170827094,10.0
1378,20170827104,9.0
1379,20170827114,9.0
1380,20170827124,9.0
1381,20170827134,9.0
1382,20170827144,10.0
1383,20170827154,10.0
1384,20170827164,10.0
1385,20170827174,9.0
1386,20170827184,10.0
1387,20170827194,10.0
1388,20170827204,10.0
1389,20170827214,10.0
1390,20170827224,10.0
1391,20170827234,10.0
1392,20170828004,9.0
1393,20170828014,9.0
1394,20170828024,8.0
1395,20170828034,5.0
1396,20170828044,5.0
1397,20170828054,5.0
1398,20170828064,5.0
1399,20170828074,5.0
1400,20170828084,11.0
1401,20170828094,11.0
1402,20170828104,14.0
1403,20170828114,14.0
1404,20170828124,14.0
1405,20170828134,15.0
1406,20170828144,15.0
1407,20170828154,15.0
1408,20170828164,15.0
1409,20170828174,14.0
1410,20170828184,14.0
1411,20170828194,14.0
1412,20170828204,14.0
1413,20170828214,14.0
1414,20170828224,14.0
1415,20170828234,14.0
1416,20170829004,10.0
1417,20170829014,10.0
1418,20170829024,9.0
1419,20170829034,5.0
1420,20170829044,5.0
1421,20170829054,5.0
1422,20170829064,5.0
1423,20170829074,5.0
1424,20170829084,11.0
1425,20170829094,11.0
1426,20170829104,14.0
1427,20170829114,14.0
1428,20170829124,15.0
1429,20170829134,15.0
1430,20170829144,15.0
1431,20170829154,15.0
1432,20170829164,15.0
1433,20170829174,14.0
1434,20170829184,14.0
1435,20170829194,14.0
1436,20170829204,14.0
1437,20170829214,14.0
1438,20170829224,14.0
1439,20170829234,14.0
1440,20170830004,10.0
1441,20170830014,10.0
1442,20170830024,9.0
1443,20170830034,5.0
1444,20170830044,5.0
1445,20170830054,5.0
1446,20170830064,6.0
1447,20170830074,6.0
1448,20170830084,11.0
1449,20170830094,11.0
1450,20170830104,14.0
1451,20170830114,14.0
1452,20170830124,15.0
1453,20170830134,15.0
1454,20170830144,15.0
1455,20170830154,15.0
1456,20170830164,15.0
1457,20170830174,14.0
1458,20170830184,14.0
1459,20170830194,14.0
1460,20170830204,14.0
1461,20170830214,14.0
1462,20170830224,14.0
1463,20170830234,14.0
1464,20170831004,10.0
1465,20170831014,10.0
1466,20170831024,9.0
1467,20170831034,6.0
1468,20170831044,5.0
1469,20170831054,5.0
1470,20170831064,6.0
1471,20170831074,6.0
1472,20170831084,11.0
1473,20170831094,11.0
1474,20170831104,14.0
1475,20170831114,14.0
1476,20170831124,15.0
1477,20170831134,15.0
1478,20170831144,15.0
1479,20170831154,15.0
1480,20170831164,15.0
1481,20170831174,14.0
1482,20170831184,14.0
1483,20170831194,14.0
1484,20170831204,14.0
1485,20170831214,14.0
1486,20170831224,14.0
1487,20170831234,14.0
1488,20170901004,9.0
1489,20170901014,9.0
1490,20170901024,8.0
1491,20170901034,6.0
1492,20170901044,5.0
1493,20170901054,5.0
1494,20170901064,6.0
1495,20170901074,6.0
1496,20170901084,10.0
1497,20170901094,10.0
1498,20170901104,13.0
1499,20170901114,13.0
1500,20170901124,13.0
1501,20170901134,13.0
1502,20170901144,14.0
1503,20170901154,14.0
1504,20170901164,13.0
1505,20170901174,13.0
1506,20170901184,13.0
1507,20170901194,13.0
1508,20170901204,13.0
1509,20170901214,13.0
1510,20170901224,13.0
1511,20170901234,13.0
1512,20170902004,8.0
1513,20170902014,8.0
1514,20170902024,8.0
1515,20170902034,6.0
1516,20170902044,5.0
1517,20170902054,5.0
1518,20170902064,5.0
1519,20170902074,6.0
1520,20170902084,10.0
1521,20170902094,10.0
1522,20170902104,10.0
1523,20170902114,10.0
1524,20170902124,11.0
1525,20170902134,11.0
1526,20170902144,11.0
1527,20170902154,11.0
1528,20170902164,11.0
1529,20170902174,11.0
1530,20170902184,11.0
1531,20170902194,11.0
1532,20170902204,11.0
1533,20170902214,11.0
1534,20170902224,11.0
1535,20170902234,11.0
1536,20170903004,8.0
1537,20170903014,8.0
1538,20170903024,8.0
1539,20170903034,6.0
1540,20170903044,5.0
1541,20170903054,5.0
1542,20170903064,5.0
1543,20170903074,6.0
1544,20170903084,10.0
1545,20170903094,10.0
1546,20170903104,10.0
1547,20170903114,10.0
1548,20170903124,10.0
1549,20170903134,10.0
1550,20170903144,10.0
1551,20170903154,10.0
1552,20170903164,10.0
1553,20170903174,10.0
1554,20170903184,10.0
1555,20170903194,10.0
1556,20170903204,10.0
1557,20170903214,10.0
1558,20170903224,10.0
1559,20170903234,10.0
1560,20170904004,9.0
1561,20170904014,9.0
1562,20170904024,8.0
1563,20170904034,5.0
1564,20170904044,5.0
1565,20170904054,5.0
1566,20170904064,5.0
1567,20170904074,5.0
1568,20170904084,11.0
1569,20170904094,11.0
1570,20170904104,14.0
1571,20170904114,14.0
1572,20170904124,14.0
1573,20170904134,14.0
1574,20170904144,14.0
1575,20170904154,14.0
1576,20170904164,14.0
1577,20170904174,14.0
1578,20170904184,14.0
1579,20170904194,14.0
1580,20170904204,14.0
1581,20170904214,14.0
1582,20170904224,14.0
1583,20170904234,14.0
1584,20170905004,9.0
1585,20170905014,9.0
1586,20170905024,8.0
1587,20170905034,5.0
1588,20170905044,5.0
1589,20170905054,5.0
1590,20170905064,5.0
1591,20170905074,5.0
1592,20170905084,11.0
1593,20170905094,11.0
1594,20170905104,14.0
1595,20170905114,14.0
1596,20170905124,14.0
1597,20170905134,14.0
1598,20170905144,14.0
1599,20170905154,14.0
1600,20170905164,14.0
1601,20170905174,14.0
1602,20170905184,14.0
1603,20170905194,14.0
1604,20170905204,14.0
1605,20170905214,14.0
1606,20170905224,14.0
1607,20170905234,14.0
1608,20170906004,9.0
1609,20170906014,10.0
1610,20170906024,9.0
1611,20170906034,5.0
1612,20170906044,5.0
1613,20170906054,5.0
1614,20170906064,5.0
1615,20170906074,6.0
1616,20170906084,11.0
1617,20170906094,11.0
1618,20170906104,14.0
1619,20170906114,14.0
1620,20170906124,14.0
1621,20170906134,14.0
1622,20170906144,14.0
1623,20170906154,14.0
1624,20170906164,14.0
1625,20170906174,14.0
1626,20170906184,14.0
1627,20170906194,14.0
1628,20170906204,14.0
1629,20170906214,14.0
1630,20170906224,14.0
1631,20170906234,14.0
1632,20170907004,9.0
1633,20170907014,10.0
1634,20170907024,9.0
1635,20170907034,6.0
1636,20170907044,5.0
1637,20170907054,5.0
1638,20170907064,5.0
1639,20170907074,6.0
1640,20170907084,11.0
1641,20170907094,11.0
1642,20170907104,14.0
1643,20170907114,14.0
1644,20170907124,14.0
1645,20170907134,14.0
1646,20170907144,14.0
1647,20170907154,14.0
1648,20170907164,14.0
1649,20170907174,14.0
1650,20170907184,14.0
1651,20170907194,14.0
1652,20170907204,14.0
1653,20170907214,14.0
1654,20170907224,14.0
1655,20170907234,14.0
1656,20170908004,9.0
1657,20170908014,9.0
1658,20170908024,8.0
1659,20170908034,6.0
1660,20170908044,5.0
1661,20170908054,5.0
1662,20170908064,5.0
1663,20170908074,6.0
1664,20170908084,10.0
1665,20170908094,10.0
1666,20170908104,13.0
1667,20170908114,13.0
1668,20170908124,13.0
1669,20170908134,13.0
1670,20170908144,14.0
1671,20170908154,13.0
1672,20170908164,13.0
1673,20170908174,13.0
1674,20170908184,13.0
1675,20170908194,13.0
1676,20170908204,13.0
1677,20170908214,13.0
1678,20170908224,13.0
1679,20170908234,13.0
1680,20170909004,8.0
1681,20170909014,8.0
1682,20170909024,8.0
1683,20170909034,5.0
1684,20170909044,5.0
1685,20170909054,5.0
1686,20170909064,5.0
1687,20170909074,5.0
1688,20170909084,10.0
1689,20170909094,10.0
1690,20170909104,11.0
1691,20170909114,11.0
1692,20170909124,12.0
1693,20170909134,12.0
1694,20170909144,12.0
1695,20170909154,12.0
1696,20170909164,11.0
1697,20170909174,11.0
1698,20170909184,11.0
1699,20170909194,11.0
1700,20170909204,11.0
1701,20170909214,11.0
1702,20170909224,11.0
1703,20170909234,11.0
1704,20170910004,8.0
1705,20170910014,8.0
1706,20170910024,8.0
1707,20170910034,5.0
1708,20170910044,5.0
1709,20170910054,5.0
1710,20170910064,5.0
1711,20170910074,5.0
1712,20170910084,10.0
1713,20170910094,10.0
1714,20170910104,10.0
1715,20170910114,10.0
1716,20170910124,10.0
1717,20170910134,10.0
1718,20170910144,10.0
1719,20170910154,10.0
1720,20170910164,10.0
1721,20170910174,10.0
1722,20170910184,10.0
1723,20170910194,10.0
1724,20170910204,10.0
1725,20170910214,10.0
1726,20170910224,10.0
1727,20170910234,10.0
1728,20170911004,9.0
1729,20170911014,9.0
1730,20170911024,8.0
1731,20170911034,5.0
1732,20170911044,5.0
1733,20170911054,5.0
1734,20170911064,5.0
1735,20170911074,5.0
1736,20170911084,11.0
1737,20170911094,11.0
1738,20170911104,14.0
1739,20170911114,14.0
1740,20170911124,14.0
1741,20170911134,14.0
1742,20170911144,14.0
1743,20170911154,14.0
1744,20170911164,14.0
1745,20170911174,14.0
1746,20170911184,14.0
1747,20170911194,14.0
1748,20170911204,14.0
1749,20170911214,14.0
1750,20170911224,14.0
1751,20170911234,14.0
1752,20170912004,9.0
1753,20170912014,10.0
1754,20170912024,8.0
1755,20170912034,5.0
1756,20170912044,5.0
1757,20170912054,5.0
1758,20170912064,5.0
1759,20170912074,5.0
1760,20170912084,11.0
1761,20170912094,11.0
1762,20170912104,14.0
1763,20170912114,14.0
1764,20170912124,14.0
1765,20170912134,14.0
1766,20170912144,14.0
1767,20170912154,14.0
1768,20170912164,14.0
1769,20170912174,14.0
1770,20170912184,14.0
1771,20170912194,14.0
1772,20170912204,14.0
1773,20170912214,14.0
1774,20170912224,14.0
1775,20170912234,14.0
1776,20170913004,10.0
1777,20170913014,10.0
1778,20170913024,9.0
1779,20170913034,5.0
1780,20170913044,5.0
1781,20170913054,5.0
1782,20170913064,5.0
1783,20170913074,6.0
1784,20170913084,11.0
1785,20170913094,11.0
1786,20170913104,14.0
1787,20170913114,14.0
1788,20170913124,14.0
1789,20170913134,14.0
1790,20170913144,14.0
1791,20170913154,14.0
1792,20170913164,14.0
1793,20170913174,14.0
1794,20170913184,14.0
1795,20170913194,14.0
1796,20170913204,14.0
1797,20170913214,14.0
1798,20170913224,14.0
1799,20170913234,14.0
1800,20170914004,10.0
1801,20170914014,10.0
1802,20170914024,9.0
1803,20170914034,6.0
1804,20170914044,5.0
1805,20170914054,5.0
1806,20170914064,5.0
1807,20170914074,6.0
1808,20170914084,11.0
1809,20170914094,11.0
1810,20170914104,14.0
1811,20170914114,14.0
1812,20170914124,14.0
1813,20170914134,14.0
1814,20170914144,14.0
1815,20170914154,14.0
1816,20170914164,14.0
1817,20170914174,14.0
1818,20170914184,14.0
1819,20170914194,14.0
1820,20170914204,14.0
1821,20170914214,14.0
1822,20170914224,14.0
1823,20170914234,14.0
1824,20170915004,9.0
1825,20170915014,9.0
1826,20170915024,8.0
1827,20170915034,6.0
1828,20170915044,5.0
1829,20170915054,5.0
1830,20170915064,5.0
1831,20170915074,6.0
1832,20170915084,10.0
1833,20170915094,10.0
1834,20170915104,13.0
1835,20170915114,13.0
1836,20170915124,13.0
1837,20170915134,13.0
1838,20170915144,13.0
1839,20170915154,13.0
1840,20170915164,13.0
1841,20170915174,13.0
1842,20170915184,13.0
1843,20170915194,13.0
1844,20170915204,13.0
1845,20170915214,13.0
1846,20170915224,13.0
1847,20170915234,13.0
1848,20170916004,8.0
1849,20170916014,8.0
1850,20170916024,8.0
1851,20170916034,5.0
1852,20170916044,5.0
1853,20170916054,5.0
1854,20170916064,5.0
1855,20170916074,5.0
1856,20170916084,10.0
1857,20170916094,10.0
1858,20170916104,10.0
1859,20170916114,11.0
1860,20170916124,11.0
1861,20170916134,11.0
1862,20170916144,11.0
1863,20170916154,11.0
1864,20170916164,11.0
1865,20170916174,10.0
1866,20170916184,11.0
1867,20170916194,11.0
1868,20170916204,11.0
1869,20170916214,11.0
1870,20170916224,11.0
1871,20170916234,11.0
1872,20170917004,8.0
1873,20170917014,8.0
1874,20170917024,8.0
1875,20170917034,5.0
1876,20170917044,5.0
1877,20170917054,5.0
1878,20170917064,5.0
1879,20170917074,5.0
1880,20170917084,10.0
1881,20170917094,10.0
1882,20170917104,9.0
1883,20170917114,9.0
1884,20170917124,9.0
1885,20170917134,9.0
1886,20170917144,10.0
1887,20170917154,10.0
1888,20170917164,10.0
1889,20170917174,10.0
1890,20170917184,10.0
1891,20170917194,10.0
1892,20170917204,10.0
1893,20170917214,10.0
1894,20170917224,10.0
1895,20170917234,10.0
1896,20170918004,9.0
1897,20170918014,9.0
1898,20170918024,8.0
1899,20170918034,5.0
1900,20170918044,5.0
1901,20170918054,5.0
1902,20170918064,5.0
1903,20170918074,5.0
1904,20170918084,11.0
1905,20170918094,11.0
1906,20170918104,13.0
1907,20170918114,14.0
1908,20170918124,14.0
1909,20170918134,14.0
1910,20170918144,14.0
1911,20170918154,14.0
1912,20170918164,14.0
1913,20170918174,14.0
1914,20170918184,14.0
1915,20170918194,14.0
1916,20170918204,14.0
1917,20170918214,14.0
1918,20170918224,14.0
1919,20170918234,14.0
1920,20170919004,9.0
1921,20170919014,10.0
1922,20170919024,8.0
1923,20170919034,5.0
1924,20170919044,5.0
1925,20170919054,5.0
1926,20170919064,5.0
1927,20170919074,5.0
1928,20170919084,11.0
1929,20170919094,11.0
1930,20170919104,14.0
1931,20170919114,14.0
1932,20170919124,14.0
1933,20170919134,14.0
1934,20170919144,14.0
1935,20170919154,14.0
1936,20170919164,14.0
1937,20170919174,14.0
1938,20170919184,14.0
1939,20170919194,14.0
1940,20170919204,14.0
1941,20170919214,14.0
1942,20170919224,14.0
1943,20170919234,14.0
1944,20170920004,10.0
1945,20170920014,10.0
1946,20170920024,9.0
1947,20170920034,5.0
1948,20170920044,5.0
1949,20170920054,5.0
1950,20170920064,5.0
1951,20170920074,6.0
1952,20170920084,11.0
1953,20170920094,11.0
1954,20170920104,14.0
1955,20170920114,14.0
1956,20170920124,14.0
1957,20170920134,14.0
1958,20170920144,14.0
1959,20170920154,14.0
1960,20170920164,14.0
1961,20170920174,14.0
1962,20170920184,14.0
1963,20170920194,14.0
1964,20170920204,14.0
1965,20170920214,14.0
1966,20170920224,14.0
1967,20170920234,14.0
1968,20170921004,10.0
1969,20170921014,10.0
1970,20170921024,9.0
1971,20170921034,5.0
1972,20170921044,5.0
1973,20170921054,5.0
1974,20170921064,5.0
1975,20170921074,6.0
1976,20170921084,11.0
1977,20170921094,11.0
1978,20170921104,14.0
1979,20170921114,14.0
1980,20170921124,14.0
1981,20170921134,14.0
1982,20170921144,14.0
1983,20170921154,14.0
1984,20170921164,14.0
1985,20170921174,14.0
1986,20170921184,14.0
1987,20170921194,14.0
1988,20170921204,14.0
1989,20170921214,14.0
1990,20170921224,14.0
1991,20170921234,14.0
1992,20170922004,9.0
1993,20170922014,9.0
1994,20170922024,8.0
1995,20170922034,5.0
1996,20170922044,5.0
1997,20170922054,5.0
1998,20170922064,5.0
1999,20170922074,6.0
2000,20170922084,10.0
2001,20170922094,10.0
2002,20170922104,13.0
2003,20170922114,13.0
2004,20170922124,13.0
2005,20170922134,13.0
2006,20170922144,13.0
2007,20170922154,13.0
2008,20170922164,13.0
2009,20170922174,13.0
2010,20170922184,13.0
2011,20170922194,13.0
2012,20170922204,13.0
2013,20170922214,13.0
2014,20170922224,13.0
2015,20170922234,13.0
2016,20170923004,8.0
2017,20170923014,8.0
2018,20170923024,8.0
2019,20170923034,5.0
2020,20170923044,5.0
2021,20170923054,5.0
2022,20170923064,5.0
2023,20170923074,6.0
2024,20170923084,10.0
2025,20170923094,10.0
2026,20170923104,11.0
2027,20170923114,11.0
2028,20170923124,11.0
2029,20170923134,11.0
2030,20170923144,11.0
2031,20170923154,11.0
2032,20170923164,11.0
2033,20170923174,11.0
2034,20170923184,11.0
2035,20170923194,11.0
2036,20170923204,11.0
2037,20170923214,11.0
2038,20170923224,11.0
2039,20170923234,11.0
2040,20170924004,8.0
2041,20170924014,8.0
2042,20170924024,8.0
2043,20170924034,5.0
2044,20170924044,5.0
2045,20170924054,5.0
2046,20170924064,5.0
2047,20170924074,5.0
2048,20170924084,10.0
2049,20170924094,10.0
2050,20170924104,9.0
2051,20170924114,9.0
2052,20170924124,9.0
2053,20170924134,9.0
2054,20170924144,10.0
2055,20170924154,10.0
2056,20170924164,10.0
2057,20170924174,10.0
2058,20170924184,10.0
2059,20170924194,10.0
2060,20170924204,10.0
2061,20170924214,10.0
2062,20170924224,10.0
2063,20170924234,10.0
2064,20170925004,9.0
2065,20170925014,9.0
2066,20170925024,8.0
2067,20170925034,5.0
2068,20170925044,5.0
2069,20170925054,5.0
2070,20170925064,5.0
2071,20170925074,5.0
2072,20170925084,11.0
2073,20170925094,11.0
2074,20170925104,13.0
2075,20170925114,14.0
2076,20170925124,14.0
2077,20170925134,14.0
2078,20170925144,14.0
2079,20170925154,14.0
2080,20170925164,14.0
2081,20170925174,14.0
2082,20170925184,14.0
2083,20170925194,14.0
2084,20170925204,14.0
2085,20170925214,14.0
2086,20170925224,14.0
2087,20170925234,14.0
2088,20170926004,9.0
2089,20170926014,10.0
2090,20170926024,8.0
2091,20170926034,5.0
2092,20170926044,5.0
2093,20170926054,5.0
2094,20170926064,5.0
2095,20170926074,5.0
2096,20170926084,11.0
2097,20170926094,11.0
2098,20170926104,14.0
2099,20170926114,14.0
2100,20170926124,14.0
2101,20170926134,14.0
2102,20170926144,14.0
2103,20170926154,14.0
2104,20170926164,14.0
2105,20170926174,14.0
2106,20170926184,14.0
2107,20170926194,14.0
2108,20170926204,14.0
2109,20170926214,14.0
2110,20170926224,14.0
2111,20170926234,14.0
2112,20170927004,10.0
2113,20170927014,10.0
2114,20170927024,9.0
2115,20170927034,5.0
2116,20170927044,5.0
2117,20170927054,5.0
2118,20170927064,5.0
2119,20170927074,6.0
2120,20170927084,11.0
2121,20170927094,11.0
2122,20170927104,14.0
2123,20170927114,14.0
2124,20170927124,14.0
2125,20170927134,14.0
2126,20170927144,14.0
2127,20170927154,14.0
2128,20170927164,14.0
2129,20170927174,14.0
2130,20170927184,14.0
2131,20170927194,14.0
2132,20170927204,14.0
2133,20170927214,14.0
2134,20170927224,14.0
2135,20170927234,14.0
2136,20170928004,10.0
2137,20170928014,10.0
2138,20170928024,9.0
2139,20170928034,6.0
2140,20170928044,5.0
2141,20170928054,5.0
2142,20170928064,5.0
2143,20170928074,6.0
2144,20170928084,11.0
2145,20170928094,11.0
2146,20170928104,14.0
2147,20170928114,14.0
2148,20170928124,15.0
2149,20170928134,15.0
2150,20170928144,15.0
2151,20170928154,15.0
2152,20170928164,15.0
2153,20170928174,14.0
2154,20170928184,14.0
2155,20170928194,14.0
2156,20170928204,14.0
2157,20170928214,14.0
2158,20170928224,14.0
2159,20170928234,14.0
2160,20170929004,9.0
2161,20170929014,9.0
2162,20170929024,8.0
2163,20170929034,6.0
2164,20170929044,5.0
2165,20170929054,5.0
2166,20170929064,5.0
2167,20170929074,6.0
2168,20170929084,10.0
2169,20170929094,10.0
2170,20170929104,13.0
2171,20170929114,13.0
2172,20170929124,13.0
2173,20170929134,13.0
2174,20170929144,13.0
2175,20170929154,13.0
2176,20170929164,13.0
2177,20170929174,13.0
2178,20170929184,13.0
2179,20170929194,13.0
2180,20170929204,13.0
2181,20170929214,13.0
2182,20170929224,13.0
2183,20170929234,13.0
2184,20170930004,8.0
2185,20170930014,8.0
2186,20170930024,8.0
2187,20170930034,6.0
2188,20170930044,5.0
2189,20170930054,5.0
2190,20170930064,5.0
2191,20170930074,6.0
2192,20170930084,10.0
2193,20170930094,10.0
2194,20170930104,10.0
2195,20170930114,10.0
2196,20170930124,10.0
2197,20170930134,10.0
2198,20170930144,10.0
2199,20170930154,10.0
2200,20170930164,10.0
2201,20170930174,10.0
2202,20170930184,10.0
2203,20170930194,10.0
2204,20170930204,10.0
2205,20170930214,10.0
2206,20170930224,10.0
2207,20170930234,10.0
2208,20171001004,8.0
2209,20171001014,8.0
2210,20171001024,8.0
2211,20171001034,6.0
2212,20171001044,5.0
2213,20171001054,5.0
2214,20171001064,5.0
2215,20171001074,6.0
2216,20171001084,10.0
2217,20171001094,10.0
2218,20171001104,10.0
2219,20171001114,10.0
2220,20171001124,10.0
2221,20171001134,10.0
2222,20171001144,10.0
2223,20171001154,10.0
2224,20171001164,10.0
2225,20171001174,10.0
2226,20171001184,10.0
2227,20171001194,10.0
2228,20171001204,10.0
2229,20171001214,10.0
2230,20171001224,10.0
2231,20171001234,10.0
2232,20171002004,9.0
2233,20171002014,9.0
2234,20171002024,8.0
2235,20171002034,6.0
2236,20171002044,5.0
2237,20171002054,5.0
2238,20171002064,5.0
2239,20171002074,6.0
2240,20171002084,11.0
2241,20171002094,11.0
2242,20171002104,14.0
2243,20171002114,14.0
2244,20171002124,14.0
2245,20171002134,14.0
2246,20171002144,14.0
2247,20171002154,14.0
2248,20171002164,14.0
2249,20171002174,14.0
2250,20171002184,14.0
2251,20171002194,14.0
2252,20171002204,14.0
2253,20171002214,14.0
2254,20171002224,14.0
2255,20171002234,14.0
2256,20171003004,9.0
2257,20171003014,9.0
2258,20171003024,8.0
2259,20171003034,5.0
2260,20171003044,5.0
2261,20171003054,5.0
2262,20171003064,5.0
2263,20171003074,6.0
2264,20171003084,11.0
2265,20171003094,11.0
2266,20171003104,14.0
2267,20171003114,14.0
2268,20171003124,14.0
2269,20171003134,14.0
2270,20171003144,14.0
2271,20171003154,14.0
2272,20171003164,14.0
2273,20171003174,14.0
2274,20171003184,14.0
2275,20171003194,14.0
2276,20171003204,14.0
2277,20171003214,14.0
2278,20171003224,14.0
2279,20171003234,14.0
2280,20171004004,9.0
2281,20171004014,9.0
2282,20171004024,9.0
2283,20171004034,5.0
2284,20171004044,5.0
2285,20171004054,5.0
2286,20171004064,5.0
2287,20171004074,6.0
2288,20171004084,11.0
2289,20171004094,11.0
2290,20171004104,14.0
2291,20171004114,14.0
2292,20171004124,14.0
2293,20171004134,14.0
2294,20171004144,14.0
2295,20171004154,14.0
2296,20171004164,14.0
2297,20171004174,14.0
2298,20171004184,14.0
2299,20171004194,14.0
2300,20171004204,14.0
2301,20171004214,14.0
2302,20171004224,14.0
2303,20171004234,14.0
2304,20171005004,9.0
2305,20171005014,9.0
2306,20171005024,9.0
2307,20171005034,6.0
2308,20171005044,5.0
2309,20171005054,5.0
2310,20171005064,5.0
2311,20171005074,6.0
2312,20171005084,11.0
2313,20171005094,11.0
2314,20171005104,14.0
2315,20171005114,14.0
2316,20171005124,14.0
2317,20171005134,14.0
2318,20171005144,14.0
2319,20171005154,14.0
2320,20171005164,14.0
2321,20171005174,14.0
2322,20171005184,14.0
2323,20171005194,14.0
2324,20171005204,14.0
2325,20171005214,14.0
2326,20171005224,14.0
2327,20171005234,14.0
2328,20171006004,9.0
2329,20171006014,9.0
2330,20171006024,8.0
2331,20171006034,6.0
2332,20171006044,5.0
2333,20171006054,5.0
2334,20171006064,5.0
2335,20171006074,6.0
2336,20171006084,10.0
2337,20171006094,10.0
2338,20171006104,13.0
2339,20171006114,13.0
2340,20171006124,13.0
2341,20171006134,13.0
2342,20171006144,13.0
2343,20171006154,13.0
2344,20171006164,13.0
2345,20171006174,13.0
2346,20171006184,13.0
2347,20171006194,13.0
2348,20171006204,13.0
2349,20171006214,13.0
2350,20171006224,13.0
2351,20171006234,13.0
2352,20171007004,8.0
2353,20171007014,8.0
2354,20171007024,8.0
2355,20171007034,6.0
2356,20171007044,5.0
2357,20171007054,5.0
2358,20171007064,5.0
2359,20171007074,6.0
2360,20171007084,10.0
2361,20171007094,10.0
2362,20171007104,11.0
2363,20171007114,11.0
2364,20171007124,11.0
2365,20171007134,12.0
2366,20171007144,12.0
2367,20171007154,12.0
2368,20171007164,11.0
2369,20171007174,11.0
2370,20171007184,11.0
2371,20171007194,11.0
2372,20171007204,11.0
2373,20171007214,11.0
2374,20171007224,11.0
2375,20171007234,11.0
2376,20171008004,8.0
2377,20171008014,8.0
2378,20171008024,8.0
2379,20171008034,6.0
2380,20171008044,5.0
2381,20171008054,5.0
2382,20171008064,5.0
2383,20171008074,6.0
2384,20171008084,10.0
2385,20171008094,10.0
2386,20171008104,10.0
2387,20171008114,10.0
2388,20171008124,10.0
2389,20171008134,10.0
2390,20171008144,10.0
2391,20171008154,10.0
2392,20171008164,10.0
2393,20171008174,10.0
2394,20171008184,10.0
2395,20171008194,10.0
2396,20171008204,10.0
2397,20171008214,10.0
2398,20171008224,10.0
2399,20171008234,10.0
2400,20171009004,9.0
2401,20171009014,9.0
2402,20171009024,8.0
2403,20171009034,5.0
2404,20171009044,5.0
2405,20171009054,5.0
2406,20171009064,5.0
2407,20171009074,5.0
2408,20171009084,11.0
2409,20171009094,11.0
2410,20171009104,14.0
2411,20171009114,14.0
2412,20171009124,14.0
2413,20171009134,14.0
2414,20171009144,14.0
2415,20171009154,14.0
2416,20171009164,14.0
2417,20171009174,14.0
2418,20171009184,14.0
2419,20171009194,14.0
2420,20171009204,14.0
2421,20171009214,14.0
2422,20171009224,14.0
2423,20171009234,14.0
2424,20171010004,9.0
2425,20171010014,9.0
2426,20171010024,8.0
2427,20171010034,5.0
2428,20171010044,5.0
2429,20171010054,5.0
2430,20171010064,5.0
2431,20171010074,5.0
2432,20171010084,11.0
2433,20171010094,11.0
2434,20171010104,14.0
2435,20171010114,14.0
2436,20171010124,14.0
2437,20171010134,14.0
2438,20171010144,14.0
2439,20171010154,14.0
2440,20171010164,14.0
2441,20171010174,14.0
2442,20171010184,14.0
2443,20171010194,14.0
2444,20171010204,14.0
2445,20171010214,14.0
2446,20171010224,14.0
2447,20171010234,14.0
2448,20171011004,10.0
2449,20171011014,10.0
2450,20171011024,9.0
2451,20171011034,5.0
2452,20171011044,5.0
2453,20171011054,5.0
2454,20171011064,5.0
2455,20171011074,6.0
2456,20171011084,11.0
2457,20171011094,11.0
2458,20171011104,14.0
2459,20171011114,14.0
2460,20171011124,14.0
2461,20171011134,14.0
2462,20171011144,14.0
2463,20171011154,14.0
2464,20171011164,14.0
2465,20171011174,14.0
2466,20171011184,14.0
2467,20171011194,14.0
2468,20171011204,14.0
2469,20171011214,14.0
2470,20171011224,14.0
2471,20171011234,14.0
2472,20171012004,10.0
2473,20171012014,10.0
2474,20171012024,9.0
2475,20171012034,6.0
2476,20171012044,5.0
2477,20171012054,5.0
2478,20171012064,5.0
2479,20171012074,6.0
2480,20171012084,11.0
2481,20171012094,11.0
2482,20171012104,14.0
2483,20171012114,14.0
2484,20171012124,14.0
2485,20171012134,14.0
2486,20171012144,14.0
2487,20171012154,14.0
2488,20171012164,14.0
2489,20171012174,14.0
2490,20171012184,14.0
2491,20171012194,14.0
2492,20171012204,14.0
2493,20171012214,14.0
2494,20171012224,14.0
2495,20171012234,14.0
2496,20171013004,9.0
2497,20171013014,9.0
2498,20171013024,8.0
2499,20171013034,6.0
2500,20171013044,5.0
2501,20171013054,5.0
2502,20171013064,5.0
2503,20171013074,6.0
2504,20171013084,10.0
2505,20171013094,10.0
2506,20171013104,13.0
2507,20171013114,13.0
2508,20171013124,13.0
2509,20171013134,13.0
2510,20171013144,13.0
2511,20171013154,13.0
2512,20171013164,13.0
2513,20171013174,13.0
2514,20171013184,13.0
2515,20171013194,13.0
2516,20171013204,13.0
2517,20171013214,13.0
2518,20171013224,13.0
2519,20171013234,13.0
2520,20171014004,8.0
2521,20171014014,8.0
2522,20171014024,8.0
2523,20171014034,5.0
2524,20171014044,5.0
2525,20171014054,5.0
2526,20171014064,5.0
2527,20171014074,5.0
2528,20171014084,10.0
2529,20171014094,10.0
2530,20171014104,11.0
2531,20171014114,11.0
2532,20171014124,11.0
2533,20171014134,11.0
2534,20171014144,11.0
2535,20171014154,11.0
2536,20171014164,11.0
2537,20171014174,10.0
2538,20171014184,11.0
2539,20171014194,11.0
2540,20171014204,11.0
2541,20171014214,11.0
2542,20171014224,11.0
2543,20171014234,11.0
2544,20171015004,8.0
2545,20171015014,9.0
2546,20171015024,8.0
2547,20171015034,5.0
2548,20171015044,5.0
2549,20171015054,5.0
2550,20171015064,5.0
2551,20171015074,5.0
2552,20171015084,10.0
2553,20171015094,10.0
2554,20171015104,9.0
2555,20171015114,9.0
2556,20171015124,9.0
2557,20171015134,9.0
2558,20171015144,10.0
2559,20171015154,10.0
2560,20171015164,10.0
2561,20171015174,10.0
2562,20171015184,10.0
2563,20171015194,10.0
2564,20171015204,10.0
2565,20171015214,10.0
2566,20171015224,10.0
2567,20171015234,10.0
2568,20171016004,9.0
2569,20171016014,9.0
2570,20171016024,8.0
2571,20171016034,5.0
2572,20171016044,5.0
2573,20171016054,5.0
2574,20171016064,5.0
2575,20171016074,5.0
2576,20171016084,11.0
2577,20171016094,11.0
2578,20171016104,13.0
2579,20171016114,14.0
2580,20171016124,14.0
2581,20171016134,14.0
2582,20171016144,14.0
2583,20171016154,14.0
2584,20171016164,14.0
2585,20171016174,14.0
2586,20171016184,14.0
2587,20171016194,14.0
2588,20171016204,14.0
2589,20171016214,14.0
2590,20171016224,14.0
2591,20171016234,14.0
2592,20171017004,9.0
2593,20171017014,10.0
2594,20171017024,8.0
2595,20171017034,5.0
2596,20171017044,5.0
2597,20171017054,5.0
2598,20171017064,5.0
2599,20171017074,5.0
2600,20171017084,11.0
2601,20171017094,11.0
2602,20171017104,14.0
2603,20171017114,14.0
2604,20171017124,14.0
2605,20171017134,14.0
2606,20171017144,14.0
2607,20171017154,14.0
2608,20171017164,14.0
2609,20171017174,14.0
2610,20171017184,14.0
2611,20171017194,14.0
2612,20171017204,14.0
2613,20171017214,14.0
2614,20171017224,14.0
2615,20171017234,14.0
2616,20171018004,10.0
2617,20171018014,10.0
2618,20171018024,9.0
2619,20171018034,5.0
2620,20171018044,5.0
2621,20171018054,5.0
2622,20171018064,5.0
2623,20171018074,6.0
2624,20171018084,11.0
2625,20171018094,11.0
2626,20171018104,14.0
2627,20171018114,14.0
2628,20171018124,14.0
2629,20171018134,14.0
2630,20171018144,14.0
2631,20171018154,14.0
2632,20171018164,14.0
2633,20171018174,14.0
2634,20171018184,14.0
2635,20171018194,14.0
2636,20171018204,14.0
2637,20171018214,14.0
2638,20171018224,14.0
2639,20171018234,14.0
2640,20171019004,10.0
2641,20171019014,10.0
2642,20171019024,9.0
2643,20171019034,5.0
2644,20171019044,5.0
2645,20171019054,5.0
2646,20171019064,5.0
2647,20171019074,6.0
2648,20171019084,11.0
2649,20171019094,11.0
2650,20171019104,14.0
2651,20171019114,14.0
2652,20171019124,14.0
2653,20171019134,14.0
2654,20171019144,14.0
2655,20171019154,14.0
2656,20171019164,14.0
2657,20171019174,14.0
2658,20171019184,14.0
2659,20171019194,14.0
2660,20171019204,14.0
2661,20171019214,14.0
2662,20171019224,14.0
2663,20171019234,14.0
2664,20171020004,9.0
2665,20171020014,9.0
2666,20171020024,8.0
2667,20171020034,5.0
2668,20171020044,5.0
2669,20171020054,5.0
2670,20171020064,5.0
2671,20171020074,6.0
2672,20171020084,10.0
2673,20171020094,10.0
2674,20171020104,13.0
2675,20171020114,13.0
2676,20171020124,13.0
2677,20171020134,13.0
2678,20171020144,13.0
2679,20171020154,13.0
2680,20171020164,13.0
2681,20171020174,13.0
2682,20171020184,13.0
2683,20171020194,13.0
2684,20171020204,13.0
2685,20171020214,13.0
2686,20171020224,13.0
2687,20171020234,13.0
2688,20171021004,8.0
2689,20171021014,8.0
2690,20171021024,8.0
2691,20171021034,5.0
2692,20171021044,5.0
2693,20171021054,5.0
2694,20171021064,5.0
2695,20171021074,5.0
2696,20171021084,10.0
2697,20171021094,10.0
2698,20171021104,11.0
2699,20171021114,11.0
2700,20171021124,11.0
2701,20171021134,11.0
2702,20171021144,11.0
2703,20171021154,11.0
2704,20171021164,11.0
2705,20171021174,10.0
2706,20171021184,10.0
2707,20171021194,11.0
2708,20171021204,11.0
2709,20171021214,11.0
2710,20171021224,11.0
2711,20171021234,11.0
2712,20171022004,8.0
2713,20171022014,8.0
2714,20171022024,8.0
2715,20171022034,5.0
2716,20171022044,5.0
2717,20171022054,5.0
2718,20171022064,5.0
2719,20171022074,5.0
2720,20171022084,10.0
2721,20171022094,10.0
2722,20171022104,9.0
2723,20171022114,9.0
2724,20171022124,9.0
2725,20171022134,10.0
2726,20171022144,10.0
2727,20171022154,10.0
2728,20171022164,10.0
2729,20171022174,10.0
2730,20171022184,10.0
2731,20171022194,10.0
2732,20171022204,10.0
2733,20171022214,10.0
2734,20171022224,10.0
2735,20171022234,10.0
2736,20171023004,9.0
2737,20171023014,9.0
2738,20171023024,8.0
2739,20171023034,5.0
2740,20171023044,5.0
2741,20171023054,5.0
2742,20171023064,5.0
2743,20171023074,5.0
2744,20171023084,11.0
2745,20171023094,11.0
2746,20171023104,13.0
2747,20171023114,14.0
2748,20171023124,14.0
2749,20171023134,14.0
2750,20171023144,14.0
2751,20171023154,14.0
2752,20171023164,14.0
2753,20171023174,14.0
2754,20171023184,14.0
2755,20171023194,14.0
2756,20171023204,14.0
2757,20171023214,14.0
2758,20171023224,14.0
2759,20171023234,14.0
2760,20171024004,9.0
2761,20171024014,9.0
2762,20171024024,8.0
2763,20171024034,5.0
2764,20171024044,5.0
2765,20171024054,5.0
2766,20171024064,5.0
2767,20171024074,5.0
2768,20171024084,11.0
2769,20171024094,11.0
2770,20171024104,14.0
2771,20171024114,14.0
2772,20171024124,14.0
2773,20171024134,14.0
2774,20171024144,14.0
2775,20171024154,14.0
2776,20171024164,14.0
2777,20171024174,14.0
2778,20171024184,14.0
2779,20171024194,14.0
2780,20171024204,14.0
2781,20171024214,14.0
2782,20171024224,14.0
2783,20171024234,14.0
2784,20171025004,9.0
2785,20171025014,10.0
2786,20171025024,9.0
2787,20171025034,5.0
2788,20171025044,5.0
2789,20171025054,5.0
2790,20171025064,5.0
2791,20171025074,6.0
2792,20171025084,11.0
2793,20171025094,11.0
2794,20171025104,14.0
2795,20171025114,14.0
2796,20171025124,14.0
2797,20171025134,14.0
2798,20171025144,14.0
2799,20171025154,14.0
2800,20171025164,14.0
2801,20171025174,14.0
2802,20171025184,14.0
2803,20171025194,14.0
2804,20171025204,14.0
2805,20171025214,14.0
2806,20171025224,14.0
2807,20171025234,14.0
2808,20171026004,9.0
2809,20171026014,10.0
2810,20171026024,9.0
2811,20171026034,5.0
2812,20171026044,5.0
2813,20171026054,5.0
2814,20171026064,5.0
2815,20171026074,6.0
2816,20171026084,11.0
2817,20171026094,11.0
2818,20171026104,14.0
2819,20171026114,14.0
2820,20171026124,14.0
2821,20171026134,14.0
2822,20171026144,14.0
2823,20171026154,14.0
2824,20171026164,14.0
2825,20171026174,14.0
2826,20171026184,14.0
2827,20171026194,14.0
2828,20171026204,14.0
2829,20171026214,14.0
2830,20171026224,14.0
2831,20171026234,14.0
2832,20171027004,9.0
2833,20171027014,9.0
2834,20171027024,8.0
2835,20171027034,5.0
2836,20171027044,5.0
2837,20171027054,5.0
2838,20171027064,5.0
2839,20171027074,6.0
2840,20171027084,10.0
2841,20171027094,10.0
2842,20171027104,13.0
2843,20171027114,13.0
2844,20171027124,13.0
2845,20171027134,13.0
2846,20171027144,13.0
2847,20171027154,13.0
2848,20171027164,13.0
2849,20171027174,13.0
2850,20171027184,13.0
2851,20171027194,13.0
2852,20171027204,13.0
2853,20171027214,13.0
2854,20171027224,13.0
2855,20171027234,13.0
2856,20171028004,8.0
2857,20171028014,8.0
2858,20171028024,8.0
2859,20171028034,5.0
2860,20171028044,5.0
2861,20171028054,5.0
2862,20171028064,5.0
2863,20171028074,5.0
2864,20171028084,10.0
2865,20171028094,10.0
2866,20171028104,10.0
2867,20171028114,10.0
2868,20171028124,10.0
2869,20171028134,10.0
2870,20171028144,10.0
2871,20171028154,10.0
2872,20171028164,10.0
2873,20171028174,10.0
2874,20171028184,10.0
2875,20171028194,10.0
2876,20171028204,10.0
2877,20171028214,10.0
2878,20171028224,10.0
2879,20171028234,10.0
2880,20171029004,8.0
2881,20171029014,8.0
2882,20171029024,8.0
2883,20171029034,5.0
2884,20171029044,5.0
2885,20171029054,5.0
2886,20171029064,5.0
2887,20171029074,5.0
2888,20171029084,9.0
2889,20171029094,10.0
2890,20171029104,9.0
2891,20171029114,9.0
2892,20171029124,9.0
2893,20171029134,9.0
2894,20171029144,10.0
2895,20171029154,10.0
2896,20171029164,10.0
2897,20171029174,10.0
2898,20171029184,10.0
2899,20171029194,10.0
2900,20171029204,10.0
2901,20171029214,10.0
2902,20171029224,10.0
2903,20171029234,10.0
2904,20171030004,9.0
2905,20171030014,9.0
2906,20171030024,8.0
2907,20171030034,5.0
2908,20171030044,5.0
2909,20171030054,5.0
2910,20171030064,5.0
2911,20171030074,5.0
2912,20171030084,11.0
2913,20171030094,11.0
2914,20171030104,14.0
2915,20171030114,14.0
2916,20171030124,14.0
2917,20171030134,15.0
2918,20171030144,15.0
2919,20171030154,15.0
2920,20171030164,15.0
2921,20171030174,14.0
2922,20171030184,14.0
2923,20171030194,14.0
2924,20171030204,14.0
2925,20171030214,14.0
2926,20171030224,14.0
2927,20171030234,14.0
2928,20171031004,10.0
2929,20171031014,10.0
2930,20171031024,9.0
2931,20171031034,5.0
2932,20171031044,5.0
2933,20171031054,5.0
2934,20171031064,5.0
2935,20171031074,5.0
2936,20171031084,11.0
2937,20171031094,11.0
2938,20171031104,14.0
2939,20171031114,14.0
2940,20171031124,15.0
2941,20171031134,15.0
2942,20171031144,15.0
2943,20171031154,15.0
2944,20171031164,15.0
2945,20171031174,14.0
2946,20171031184,14.0
2947,20171031194,14.0
2948,20171031204,14.0
2949,20171031214,14.0
2950,20171031224,14.0
2951,20171031234,14.0
